77.00
77.00
78.00
79.00
79.00
78.00
78.00
78.00
79.00
78.00
78.00
78.00
78.00
79.00
79.00
79.00
79.00
78.00
79.00
79.00
79.00
79.00
79.00
79.00
80.00
79.00
79.00
79.00
79.00
79.00
78.00
78.00
78.00
78.00
79.00
79.00
78.00
78.00
78.00
79.00
79.00
78.00
78.00
78.00
79.00
79.00
79.00
78.00
77.00
77.00
77.00
77.00
77.00
77.00
78.00
79.00
80.00
80.00
79.00
79.00
79.00
80.00
80.00
80.00
79.00
80.00
123.00
123.00
80.00
79.00
79.00
79.00
79.00
78.00
78.00
78.00
78.00
79.00
79.00
78.00
78.00
78.00
78.00
78.00
78.00
78.00
78.00
79.00
79.00
79.00
79.00
78.00
78.00
78.00
78.00
78.00
78.00
78.00
79.00
80.00
79.00
79.00
79.00
79.00
80.00
79.00
121.00
79.00
121.00
121.00
121.00
121.00
79.00
79.00
79.00
121.00
121.00
79.00
79.00
79.00
121.00
121.00
79.00
79.00
79.00
79.00
79.00
78.00
78.00
78.00
79.00
79.00
79.00
78.00
78.00
78.00
79.00
79.00
79.00
79.00
79.00
79.00
79.00
79.00
78.00
78.00
79.00
79.00
78.00
78.00
78.00
78.00
79.00
78.00
78.00
78.00
78.00
78.00
78.00
77.00
77.00
78.00
78.00
77.00
77.00
77.00
78.00
79.00
79.00
79.00
79.00
79.00
80.00
80.00
80.00
79.00
78.00
78.00
78.00
78.00
78.00
78.00
78.00
79.00
79.00
79.00
79.00
78.00
78.00
79.00
79.00
79.00
79.00
79.00
79.00
79.00
79.00
79.00
79.00
79.00
79.00
79.00
79.00
78.00
79.00
79.00
79.00
79.00
79.00
79.00
79.00
78.00
78.00
79.00
79.00
79.00
80.00
79.00
79.00
78.00
78.00
78.00
78.00
78.00
78.00
79.00
80.00
80.00
80.00
79.00
79.00
79.00
80.00
79.00
79.00
79.00
80.00
80.00
80.00
80.00
80.00
80.00
80.00
80.00
80.00
79.00
79.00
79.00
79.00
79.00
