80.00
80.00
137.00
122.00
121.00
121.00
121.00
121.00
121.00
82.00
82.00
82.00
82.00
82.00
82.00
82.00
82.00
137.00
137.00
82.00
82.00
82.00
82.00
137.00
137.00
137.00
121.00
121.00
137.00
137.00
137.00
82.00
82.00
137.00
137.00
137.00
137.00
137.00
137.00
137.00
137.00
137.00
137.00
137.00
137.00
132.00
132.00
137.00
137.00
137.00
137.00
137.00
137.00
137.00
137.00
137.00
119.00
119.00
121.00
137.00
137.00
137.00
121.00
121.00
137.00
137.00
137.00
137.00
137.00
137.00
137.00
137.00
137.00
82.00
82.00
82.00
82.00
137.00
82.00
82.00
82.00
80.00
80.00
80.00
80.00
80.00
80.00
137.00
137.00
82.00
80.00
80.00
80.00
80.00
80.00
80.00
80.00
82.00
82.00
82.00
82.00
82.00
80.00
80.00
80.00
80.00
80.00
80.00
80.00
82.00
80.00
80.00
80.00
80.00
80.00
80.00
80.00
80.00
80.00
80.00
80.00
80.00
80.00
80.00
80.00
80.00
80.00
80.00
80.00
80.00
82.00
82.00
82.00
80.00
80.00
80.00
80.00
80.00
80.00
80.00
82.00
82.00
82.00
80.00
80.00
80.00
82.00
80.00
80.00
80.00
80.00
82.00
80.00
80.00
80.00
80.00
80.00
80.00
80.00
80.00
80.00
80.00
80.00
137.00
80.00
80.00
80.00
80.00
80.00
80.00
80.00
80.00
80.00
80.00
80.00
80.00
80.00
80.00
80.00
80.00
79.00
79.00
79.00
80.00
80.00
80.00
80.00
80.00
80.00
80.00
80.00
80.00
80.00
80.00
80.00
80.00
80.00
80.00
80.00
80.00
80.00
80.00
80.00
80.00
80.00
80.00
80.00
80.00
80.00
80.00
80.00
80.00
79.00
79.00
80.00
80.00
80.00
80.00
80.00
80.00
80.00
80.00
80.00
80.00
79.00
80.00
80.00
80.00
80.00
80.00
80.00
80.00
80.00
79.00
79.00
79.00
80.00
80.00
80.00
80.00
79.00
79.00
79.00
79.00
79.00
79.00
79.00
80.00
80.00
80.00
