89.00
88.00
87.00
89.00
88.00
87.00
89.00
87.00
88.00
88.00
88.00
88.00
134.00
134.00
134.00
88.00
140.00
134.00
134.00
134.00
140.00
134.00
134.00
134.00
87.00
89.00
87.00
87.00
87.00
86.00
86.00
84.00
84.00
84.00
84.00
84.00
84.00
84.00
84.00
84.00
84.00
84.00
84.00
84.00
84.00
134.00
84.00
84.00
84.00
84.00
84.00
82.00
82.00
84.00
84.00
137.00
84.00
84.00
84.00
84.00
84.00
84.00
84.00
84.00
84.00
84.00
84.00
84.00
84.00
84.00
84.00
84.00
84.00
82.00
82.00
84.00
84.00
84.00
82.00
82.00
82.00
82.00
82.00
82.00
82.00
82.00
82.00
82.00
82.00
82.00
84.00
84.00
80.00
84.00
84.00
84.00
84.00
84.00
84.00
84.00
84.00
84.00
84.00
84.00
84.00
84.00
84.00
84.00
84.00
84.00
84.00
84.00
84.00
84.00
84.00
84.00
84.00
84.00
84.00
84.00
84.00
84.00
84.00
82.00
82.00
82.00
82.00
82.00
82.00
82.00
82.00
82.00
82.00
82.00
82.00
82.00
82.00
82.00
82.00
82.00
84.00
84.00
82.00
82.00
82.00
82.00
82.00
82.00
82.00
82.00
82.00
84.00
131.00
84.00
84.00
84.00
84.00
84.00
84.00
84.00
84.00
84.00
84.00
80.00
80.00
80.00
80.00
80.00
80.00
80.00
80.00
80.00
80.00
80.00
80.00
80.00
80.00
80.00
80.00
80.00
75.00
79.00
79.00
80.00
75.00
75.00
75.00
75.00
75.00
75.00
75.00
44.00
75.00
79.00
79.00
79.00
79.00
79.00
79.00
79.00
79.00
79.00
79.00
79.00
80.00
80.00
80.00
79.00
79.00
79.00
79.00
79.00
79.00
79.00
79.00
79.00
79.00
79.00
79.00
79.00
79.00
79.00
78.00
78.00
78.00
78.00
79.00
79.00
79.00
78.00
78.00
79.00
79.00
79.00
78.00
79.00
79.00
79.00
80.00
79.00
79.00
79.00
80.00
80.00
79.00
79.00
79.00
79.00
80.00
79.00
