77.00
77.00
142.00
78.00
78.00
78.00
78.00
78.00
77.00
77.00
77.00
77.00
78.00
78.00
78.00
78.00
77.00
77.00
77.00
77.00
77.00
77.00
77.00
78.00
121.00
78.00
78.00
78.00
79.00
80.00
80.00
78.00
79.00
79.00
79.00
79.00
79.00
79.00
55.00
79.00
79.00
145.00
50.00
145.00
142.00
142.00
142.00
145.00
142.00
142.00
79.00
78.00
78.00
78.00
78.00
79.00
79.00
79.00
78.00
78.00
78.00
78.00
78.00
78.00
78.00
79.00
79.00
79.00
79.00
79.00
79.00
79.00
79.00
79.00
79.00
79.00
79.00
79.00
79.00
79.00
79.00
79.00
80.00
80.00
79.00
79.00
79.00
80.00
80.00
80.00
79.00
79.00
79.00
79.00
79.00
79.00
79.00
79.00
79.00
79.00
79.00
79.00
79.00
80.00
80.00
79.00
79.00
79.00
84.00
79.00
79.00
44.00
79.00
84.00
84.00
84.00
84.00
84.00
113.00
113.00
113.00
113.00
113.00
113.00
113.00
113.00
113.00
113.00
113.00
111.00
111.00
113.00
113.00
113.00
111.00
111.00
111.00
84.00
84.00
84.00
84.00
84.00
122.00
84.00
84.00
142.00
84.00
84.00
84.00
84.00
84.00
137.00
137.00
84.00
84.00
84.00
84.00
84.00
84.00
84.00
84.00
84.00
84.00
84.00
84.00
84.00
84.00
84.00
84.00
84.00
84.00
84.00
84.00
80.00
84.00
84.00
79.00
79.00
79.00
79.00
79.00
79.00
79.00
79.00
80.00
80.00
79.00
79.00
79.00
80.00
80.00
84.00
84.00
141.00
137.00
137.00
137.00
137.00
137.00
137.00
137.00
19.00
84.00
142.00
140.00
89.00
89.00
143.00
143.00
143.00
143.00
143.00
143.00
143.00
143.00
143.00
137.00
137.00
140.00
140.00
140.00
140.00
140.00
78.00
142.00
140.00
137.00
137.00
140.00
140.00
80.00
80.00
80.00
80.00
80.00
80.00
137.00
80.00
80.00
80.00
80.00
80.00
80.00
80.00
80.00
80.00
137.00
137.00
137.00
80.00
