140.00
139.00
137.00
136.00
140.00
140.00
140.00
140.00
140.00
140.00
140.00
140.00
137.00
137.00
140.00
140.00
140.00
140.00
140.00
140.00
140.00
140.00
141.00
137.00
82.00
84.00
140.00
140.00
140.00
140.00
140.00
80.00
80.00
141.00
137.00
137.00
140.00
140.00
140.00
140.00
80.00
80.00
80.00
80.00
80.00
137.00
80.00
80.00
141.00
137.00
80.00
80.00
80.00
80.00
80.00
137.00
82.00
80.00
80.00
137.00
137.00
80.00
80.00
80.00
80.00
80.00
80.00
80.00
137.00
137.00
142.00
142.00
142.00
145.00
142.00
142.00
142.00
142.00
79.00
145.00
142.00
142.00
145.00
78.00
78.00
78.00
79.00
79.00
79.00
79.00
79.00
79.00
79.00
79.00
79.00
79.00
79.00
79.00
79.00
79.00
79.00
79.00
79.00
79.00
79.00
79.00
79.00
79.00
79.00
79.00
79.00
79.00
79.00
79.00
131.00
87.00
79.00
79.00
137.00
131.00
131.00
131.00
84.00
80.00
131.00
131.00
132.00
84.00
84.00
134.00
134.00
134.00
121.00
121.00
137.00
137.00
137.00
137.00
137.00
139.00
139.00
137.00
137.00
137.00
137.00
137.00
137.00
137.00
140.00
139.00
139.00
137.00
137.00
137.00
137.00
140.00
137.00
137.00
137.00
140.00
137.00
137.00
137.00
137.00
137.00
137.00
137.00
137.00
137.00
140.00
140.00
137.00
137.00
137.00
137.00
137.00
137.00
137.00
137.00
137.00
137.00
137.00
137.00
137.00
137.00
137.00
137.00
137.00
137.00
137.00
80.00
80.00
80.00
137.00
137.00
137.00
137.00
137.00
137.00
137.00
137.00
137.00
137.00
137.00
137.00
137.00
137.00
137.00
137.00
137.00
137.00
137.00
77.00
78.00
80.00
137.00
80.00
80.00
80.00
137.00
137.00
80.00
80.00
80.00
80.00
137.00
137.00
137.00
137.00
137.00
137.00
137.00
137.00
137.00
137.00
137.00
137.00
137.00
137.00
137.00
137.00
137.00
137.00
137.00
137.00
137.00
137.00
137.00
137.00
137.00
