50.00
142.00
137.00
136.00
88.00
89.00
140.00
140.00
140.00
140.00
142.00
140.00
140.00
137.00
140.00
140.00
140.00
140.00
140.00
140.00
140.00
140.00
140.00
137.00
137.00
140.00
82.00
140.00
140.00
140.00
140.00
84.00
84.00
137.00
137.00
137.00
137.00
84.00
137.00
137.00
82.00
82.00
82.00
82.00
137.00
137.00
137.00
137.00
137.00
137.00
137.00
137.00
84.00
84.00
84.00
84.00
82.00
84.00
84.00
140.00
140.00
140.00
142.00
142.00
142.00
142.00
142.00
80.00
80.00
80.00
137.00
80.00
77.00
75.00
77.00
77.00
80.00
80.00
80.00
75.00
75.00
79.00
79.00
79.00
79.00
79.00
75.00
75.00
78.00
78.00
78.00
78.00
78.00
78.00
72.00
78.00
78.00
78.00
77.00
77.00
75.00
75.00
75.00
75.00
72.00
72.00
75.00
75.00
75.00
77.00
78.00
77.00
75.00
75.00
75.00
75.00
76.00
76.00
77.00
77.00
79.00
78.00
78.00
77.00
77.00
78.00
78.00
77.00
78.00
78.00
79.00
79.00
79.00
78.00
78.00
78.00
78.00
78.00
78.00
78.00
78.00
78.00
78.00
78.00
78.00
78.00
78.00
78.00
44.00
50.00
50.00
79.00
79.00
44.00
50.00
50.00
75.00
76.00
76.00
76.00
50.00
78.00
78.00
76.00
78.00
78.00
78.00
78.00
78.00
76.00
78.00
78.00
78.00
79.00
78.00
78.00
78.00
79.00
75.00
75.00
75.00
79.00
75.00
77.00
77.00
76.00
75.00
75.00
75.00
75.00
75.00
75.00
75.00
77.00
78.00
78.00
78.00
76.00
75.00
75.00
76.00
76.00
76.00
78.00
79.00
79.00
78.00
76.00
75.00
75.00
75.00
72.00
75.00
75.00
75.00
75.00
72.00
50.00
50.00
50.00
50.00
72.00
50.00
50.00
50.00
75.00
76.00
76.00
76.00
75.00
75.00
75.00
75.00
75.00
75.00
77.00
77.00
79.00
78.00
78.00
77.00
77.00
77.00
75.00
77.00
77.00
77.00
78.00
79.00
79.00
