142.00
142.00
137.00
140.00
140.00
140.00
140.00
140.00
140.00
142.00
142.00
140.00
140.00
140.00
140.00
140.00
140.00
140.00
142.00
142.00
142.00
142.00
142.00
137.00
137.00
140.00
140.00
140.00
137.00
137.00
137.00
140.00
137.00
137.00
137.00
137.00
137.00
137.00
137.00
137.00
137.00
140.00
140.00
137.00
137.00
137.00
137.00
137.00
137.00
137.00
137.00
137.00
137.00
137.00
137.00
137.00
132.00
137.00
137.00
137.00
137.00
137.00
137.00
137.00
137.00
137.00
137.00
131.00
137.00
137.00
137.00
137.00
137.00
137.00
137.00
137.00
137.00
137.00
137.00
141.00
142.00
142.00
137.00
80.00
141.00
142.00
141.00
137.00
137.00
140.00
142.00
140.00
137.00
140.00
78.00
140.00
141.00
137.00
137.00
137.00
137.00
137.00
137.00
137.00
137.00
80.00
137.00
137.00
137.00
137.00
137.00
137.00
137.00
137.00
137.00
137.00
140.00
140.00
137.00
137.00
137.00
141.00
140.00
140.00
137.00
140.00
142.00
142.00
140.00
137.00
137.00
137.00
141.00
137.00
137.00
137.00
137.00
137.00
142.00
137.00
137.00
137.00
137.00
137.00
137.00
137.00
137.00
137.00
82.00
137.00
137.00
137.00
137.00
137.00
137.00
137.00
137.00
137.00
137.00
137.00
141.00
137.00
137.00
137.00
137.00
137.00
137.00
137.00
140.00
140.00
142.00
142.00
137.00
137.00
141.00
142.00
142.00
142.00
142.00
145.00
145.00
145.00
142.00
142.00
142.00
145.00
142.00
142.00
142.00
142.00
142.00
142.00
142.00
142.00
142.00
142.00
142.00
142.00
142.00
142.00
142.00
145.00
142.00
142.00
142.00
142.00
136.00
136.00
141.00
137.00
137.00
137.00
141.00
141.00
137.00
137.00
137.00
140.00
142.00
140.00
137.00
140.00
140.00
142.00
140.00
137.00
137.00
137.00
137.00
140.00
137.00
137.00
137.00
137.00
137.00
137.00
137.00
137.00
137.00
137.00
140.00
137.00
137.00
137.00
137.00
137.00
137.00
137.00
137.00
137.00
