87.00
134.00
134.00
134.00
87.00
87.00
23.00
134.00
134.00
87.00
87.00
87.00
87.00
87.00
87.00
87.00
87.00
87.00
87.00
87.00
84.00
84.00
84.00
84.00
84.00
82.00
82.00
80.00
137.00
80.00
80.00
80.00
80.00
80.00
80.00
80.00
80.00
80.00
80.00
80.00
80.00
80.00
80.00
80.00
80.00
80.00
80.00
80.00
80.00
80.00
80.00
82.00
82.00
84.00
84.00
84.00
84.00
84.00
84.00
84.00
84.00
84.00
84.00
84.00
84.00
84.00
84.00
84.00
84.00
84.00
84.00
84.00
84.00
84.00
84.00
84.00
84.00
84.00
84.00
84.00
84.00
82.00
82.00
84.00
84.00
84.00
84.00
84.00
84.00
84.00
84.00
82.00
80.00
82.00
82.00
84.00
84.00
84.00
84.00
84.00
84.00
82.00
82.00
84.00
84.00
84.00
84.00
84.00
84.00
84.00
84.00
84.00
84.00
84.00
84.00
84.00
84.00
84.00
84.00
84.00
84.00
82.00
82.00
82.00
82.00
82.00
82.00
82.00
82.00
82.00
82.00
82.00
82.00
80.00
82.00
82.00
82.00
82.00
82.00
82.00
82.00
82.00
82.00
84.00
84.00
82.00
84.00
84.00
84.00
84.00
84.00
84.00
84.00
84.00
84.00
84.00
84.00
84.00
84.00
84.00
84.00
84.00
84.00
84.00
84.00
84.00
80.00
84.00
84.00
84.00
84.00
84.00
84.00
84.00
82.00
82.00
82.00
80.00
82.00
80.00
82.00
82.00
82.00
82.00
84.00
84.00
84.00
84.00
84.00
80.00
84.00
84.00
84.00
84.00
82.00
84.00
84.00
84.00
79.00
80.00
80.00
80.00
80.00
80.00
80.00
80.00
80.00
80.00
80.00
80.00
80.00
80.00
80.00
80.00
80.00
80.00
80.00
80.00
80.00
80.00
80.00
84.00
82.00
82.00
80.00
80.00
80.00
80.00
84.00
84.00
80.00
82.00
80.00
80.00
84.00
84.00
84.00
84.00
84.00
84.00
84.00
80.00
80.00
80.00
80.00
80.00
79.00
80.00
80.00
80.00
