50.00
84.00
84.00
87.00
84.00
84.00
79.00
84.00
79.00
79.00
79.00
79.00
79.00
84.00
84.00
79.00
79.00
79.00
79.00
79.00
79.00
79.00
79.00
80.00
79.00
79.00
79.00
79.00
79.00
79.00
79.00
79.00
79.00
79.00
80.00
79.00
79.00
79.00
79.00
79.00
80.00
79.00
79.00
79.00
80.00
80.00
80.00
80.00
79.00
80.00
80.00
80.00
79.00
79.00
80.00
80.00
80.00
80.00
79.00
79.00
80.00
80.00
80.00
80.00
80.00
80.00
80.00
84.00
84.00
79.00
79.00
84.00
84.00
84.00
84.00
84.00
84.00
84.00
84.00
84.00
84.00
84.00
84.00
84.00
84.00
84.00
84.00
84.00
84.00
84.00
84.00
84.00
84.00
84.00
84.00
84.00
84.00
84.00
84.00
84.00
84.00
84.00
84.00
84.00
84.00
84.00
84.00
84.00
84.00
84.00
84.00
84.00
84.00
84.00
84.00
84.00
84.00
84.00
84.00
84.00
84.00
84.00
84.00
84.00
84.00
84.00
84.00
84.00
84.00
84.00
84.00
84.00
84.00
84.00
84.00
131.00
131.00
131.00
84.00
84.00
131.00
131.00
84.00
82.00
80.00
137.00
131.00
131.00
84.00
84.00
84.00
84.00
84.00
84.00
84.00
84.00
84.00
84.00
84.00
84.00
84.00
84.00
84.00
84.00
84.00
84.00
84.00
84.00
84.00
84.00
84.00
84.00
84.00
131.00
84.00
84.00
84.00
80.00
80.00
80.00
82.00
82.00
82.00
82.00
82.00
80.00
80.00
80.00
80.00
80.00
84.00
84.00
84.00
84.00
84.00
84.00
84.00
84.00
84.00
80.00
80.00
80.00
80.00
80.00
80.00
80.00
80.00
80.00
80.00
80.00
80.00
80.00
80.00
80.00
80.00
80.00
84.00
84.00
84.00
84.00
84.00
84.00
84.00
84.00
84.00
84.00
84.00
84.00
84.00
84.00
84.00
84.00
84.00
84.00
84.00
84.00
84.00
84.00
84.00
84.00
84.00
80.00
80.00
80.00
80.00
80.00
80.00
80.00
80.00
80.00
