50.00
142.00
86.00
86.00
84.00
84.00
84.00
84.00
84.00
84.00
84.00
84.00
84.00
84.00
84.00
84.00
84.00
84.00
84.00
84.00
84.00
84.00
84.00
134.00
134.00
134.00
84.00
137.00
137.00
137.00
137.00
84.00
137.00
134.00
137.00
84.00
84.00
84.00
84.00
84.00
84.00
84.00
84.00
84.00
87.00
87.00
87.00
84.00
84.00
84.00
84.00
84.00
84.00
84.00
84.00
84.00
84.00
84.00
84.00
84.00
82.00
84.00
84.00
84.00
84.00
82.00
137.00
84.00
82.00
82.00
82.00
82.00
82.00
82.00
82.00
82.00
82.00
131.00
131.00
82.00
80.00
137.00
137.00
80.00
80.00
80.00
80.00
137.00
80.00
80.00
80.00
80.00
80.00
80.00
80.00
80.00
84.00
84.00
84.00
84.00
84.00
84.00
80.00
80.00
80.00
80.00
84.00
84.00
84.00
84.00
84.00
84.00
84.00
84.00
84.00
84.00
84.00
84.00
84.00
84.00
84.00
84.00
84.00
84.00
84.00
84.00
84.00
84.00
84.00
84.00
84.00
84.00
84.00
82.00
80.00
80.00
82.00
82.00
82.00
82.00
82.00
82.00
82.00
82.00
80.00
80.00
82.00
82.00
82.00
82.00
82.00
84.00
84.00
84.00
84.00
82.00
82.00
82.00
82.00
84.00
84.00
84.00
84.00
84.00
84.00
84.00
82.00
82.00
82.00
82.00
82.00
82.00
84.00
84.00
84.00
82.00
82.00
80.00
80.00
84.00
84.00
84.00
84.00
84.00
84.00
84.00
84.00
84.00
84.00
79.00
84.00
84.00
84.00
84.00
84.00
84.00
44.00
44.00
79.00
79.00
79.00
44.00
44.00
79.00
79.00
79.00
79.00
44.00
44.00
79.00
79.00
79.00
79.00
79.00
79.00
79.00
80.00
79.00
79.00
79.00
79.00
79.00
79.00
78.00
79.00
79.00
79.00
79.00
79.00
79.00
79.00
79.00
79.00
79.00
79.00
79.00
79.00
80.00
80.00
80.00
80.00
80.00
80.00
80.00
80.00
80.00
80.00
80.00
80.00
80.00
