50.00
50.00
89.00
44.00
50.00
50.00
50.00
79.00
50.00
50.00
50.00
50.00
79.00
79.00
79.00
79.00
79.00
79.00
79.00
79.00
79.00
79.00
79.00
80.00
80.00
79.00
79.00
79.00
80.00
80.00
80.00
80.00
80.00
80.00
80.00
80.00
84.00
84.00
84.00
84.00
84.00
84.00
84.00
84.00
84.00
131.00
131.00
84.00
84.00
80.00
80.00
80.00
80.00
84.00
84.00
131.00
80.00
80.00
80.00
80.00
80.00
80.00
80.00
80.00
80.00
80.00
80.00
80.00
80.00
80.00
80.00
80.00
80.00
80.00
84.00
84.00
84.00
80.00
80.00
79.00
79.00
80.00
80.00
79.00
79.00
79.00
79.00
84.00
80.00
79.00
79.00
79.00
79.00
79.00
79.00
79.00
79.00
79.00
79.00
79.00
79.00
79.00
79.00
79.00
79.00
79.00
79.00
80.00
80.00
80.00
80.00
79.00
79.00
79.00
79.00
79.00
79.00
79.00
79.00
79.00
79.00
79.00
79.00
79.00
79.00
80.00
80.00
79.00
79.00
84.00
84.00
84.00
84.00
80.00
80.00
80.00
80.00
80.00
84.00
84.00
84.00
84.00
80.00
79.00
79.00
79.00
80.00
80.00
80.00
79.00
79.00
79.00
80.00
79.00
79.00
79.00
79.00
79.00
79.00
79.00
79.00
79.00
80.00
80.00
80.00
79.00
79.00
79.00
79.00
79.00
79.00
79.00
79.00
80.00
80.00
79.00
79.00
79.00
80.00
80.00
80.00
80.00
80.00
80.00
80.00
80.00
80.00
80.00
137.00
137.00
80.00
79.00
79.00
84.00
80.00
80.00
84.00
79.00
79.00
79.00
79.00
79.00
79.00
79.00
80.00
80.00
80.00
79.00
79.00
79.00
80.00
79.00
79.00
79.00
79.00
80.00
80.00
79.00
79.00
79.00
79.00
80.00
79.00
79.00
79.00
80.00
80.00
80.00
79.00
79.00
80.00
80.00
80.00
80.00
79.00
79.00
80.00
80.00
121.00
84.00
80.00
80.00
80.00
80.00
80.00
80.00
80.00
80.00
80.00
79.00
