86.00
86.00
134.00
86.00
86.00
84.00
84.00
84.00
84.00
84.00
84.00
84.00
137.00
137.00
84.00
84.00
84.00
84.00
84.00
84.00
84.00
84.00
140.00
137.00
134.00
137.00
140.00
140.00
137.00
137.00
80.00
141.00
141.00
137.00
137.00
137.00
137.00
137.00
137.00
137.00
137.00
137.00
140.00
137.00
137.00
137.00
137.00
140.00
140.00
137.00
137.00
137.00
140.00
137.00
137.00
137.00
137.00
137.00
137.00
137.00
137.00
137.00
80.00
80.00
137.00
137.00
137.00
137.00
137.00
137.00
137.00
137.00
137.00
75.00
75.00
137.00
137.00
137.00
80.00
80.00
75.00
75.00
75.00
75.00
75.00
77.00
77.00
137.00
80.00
75.00
75.00
75.00
75.00
77.00
80.00
78.00
78.00
137.00
137.00
137.00
137.00
137.00
137.00
137.00
137.00
137.00
137.00
137.00
137.00
137.00
137.00
137.00
137.00
137.00
137.00
137.00
86.00
86.00
137.00
137.00
137.00
137.00
84.00
137.00
137.00
137.00
137.00
84.00
141.00
137.00
137.00
137.00
114.00
142.00
141.00
137.00
140.00
142.00
142.00
142.00
137.00
137.00
137.00
137.00
140.00
137.00
137.00
137.00
140.00
137.00
137.00
137.00
137.00
137.00
137.00
137.00
137.00
137.00
137.00
137.00
137.00
137.00
137.00
137.00
137.00
137.00
137.00
137.00
137.00
137.00
137.00
137.00
137.00
137.00
137.00
137.00
137.00
137.00
137.00
137.00
137.00
137.00
137.00
137.00
137.00
137.00
137.00
137.00
137.00
137.00
137.00
137.00
137.00
137.00
137.00
137.00
137.00
141.00
137.00
137.00
137.00
137.00
141.00
137.00
137.00
137.00
137.00
137.00
137.00
137.00
137.00
80.00
80.00
137.00
137.00
137.00
80.00
80.00
80.00
80.00
80.00
80.00
80.00
80.00
80.00
137.00
137.00
137.00
80.00
137.00
137.00
137.00
137.00
137.00
77.00
137.00
137.00
137.00
137.00
77.00
77.00
75.00
80.00
80.00
80.00
80.00
80.00
80.00
80.00
80.00
