84.00
84.00
84.00
84.00
84.00
84.00
84.00
84.00
84.00
44.00
44.00
84.00
84.00
34.00
34.00
34.00
34.00
34.00
87.00
87.00
84.00
84.00
84.00
84.00
84.00
84.00
84.00
84.00
84.00
84.00
84.00
84.00
84.00
84.00
84.00
84.00
84.00
84.00
84.00
84.00
82.00
84.00
84.00
84.00
84.00
84.00
84.00
84.00
84.00
84.00
84.00
84.00
84.00
84.00
84.00
84.00
84.00
84.00
84.00
84.00
84.00
84.00
84.00
84.00
84.00
84.00
84.00
84.00
84.00
84.00
84.00
84.00
84.00
84.00
84.00
84.00
84.00
84.00
84.00
84.00
84.00
80.00
80.00
80.00
84.00
84.00
80.00
80.00
80.00
79.00
79.00
79.00
79.00
80.00
84.00
79.00
79.00
84.00
84.00
84.00
84.00
84.00
84.00
84.00
84.00
84.00
84.00
84.00
84.00
87.00
87.00
79.00
79.00
79.00
84.00
87.00
79.00
79.00
79.00
79.00
79.00
44.00
44.00
79.00
84.00
84.00
84.00
79.00
79.00
84.00
84.00
84.00
84.00
79.00
80.00
80.00
80.00
80.00
79.00
80.00
80.00
80.00
80.00
80.00
79.00
80.00
80.00
80.00
80.00
80.00
80.00
80.00
80.00
79.00
79.00
84.00
84.00
84.00
84.00
84.00
84.00
84.00
84.00
84.00
84.00
84.00
80.00
80.00
84.00
84.00
84.00
80.00
84.00
84.00
84.00
84.00
84.00
80.00
80.00
84.00
84.00
84.00
84.00
84.00
84.00
84.00
84.00
80.00
80.00
80.00
80.00
80.00
80.00
80.00
80.00
80.00
80.00
80.00
80.00
80.00
84.00
84.00
84.00
80.00
80.00
84.00
84.00
84.00
81.00
81.00
81.00
81.00
80.00
84.00
84.00
84.00
84.00
84.00
84.00
84.00
84.00
84.00
84.00
84.00
84.00
84.00
84.00
84.00
84.00
79.00
79.00
80.00
80.00
80.00
80.00
80.00
80.00
80.00
80.00
80.00
80.00
80.00
80.00
80.00
80.00
80.00
80.00
80.00
80.00
80.00
