86.00
86.00
137.00
137.00
137.00
137.00
137.00
137.00
137.00
140.00
141.00
137.00
137.00
137.00
137.00
137.00
137.00
137.00
137.00
137.00
140.00
141.00
137.00
137.00
137.00
137.00
137.00
137.00
137.00
137.00
141.00
141.00
137.00
137.00
137.00
137.00
141.00
141.00
137.00
137.00
137.00
84.00
137.00
137.00
137.00
137.00
137.00
84.00
137.00
137.00
137.00
137.00
137.00
137.00
137.00
137.00
137.00
137.00
140.00
140.00
137.00
137.00
137.00
140.00
140.00
139.00
139.00
137.00
137.00
141.00
137.00
137.00
140.00
140.00
140.00
140.00
137.00
137.00
140.00
140.00
140.00
140.00
140.00
140.00
140.00
140.00
140.00
137.00
140.00
140.00
142.00
142.00
140.00
140.00
140.00
142.00
142.00
140.00
140.00
140.00
140.00
140.00
140.00
140.00
140.00
140.00
140.00
140.00
139.00
137.00
137.00
140.00
140.00
140.00
140.00
140.00
140.00
140.00
137.00
137.00
137.00
140.00
140.00
140.00
137.00
137.00
140.00
140.00
140.00
140.00
140.00
140.00
142.00
142.00
142.00
142.00
142.00
142.00
142.00
142.00
140.00
140.00
140.00
140.00
140.00
140.00
140.00
140.00
142.00
142.00
142.00
140.00
140.00
140.00
142.00
142.00
142.00
142.00
78.00
78.00
78.00
78.00
80.00
80.00
78.00
78.00
80.00
80.00
80.00
80.00
78.00
80.00
80.00
137.00
80.00
80.00
80.00
80.00
80.00
79.00
78.00
78.00
79.00
137.00
80.00
79.00
79.00
79.00
80.00
80.00
79.00
79.00
79.00
80.00
80.00
80.00
79.00
79.00
79.00
80.00
80.00
84.00
84.00
84.00
84.00
80.00
79.00
79.00
79.00
79.00
79.00
75.00
75.00
76.00
75.00
75.00
75.00
75.00
75.00
75.00
75.00
75.00
75.00
75.00
75.00
77.00
79.00
80.00
79.00
78.00
78.00
77.00
77.00
75.00
77.00
77.00
78.00
79.00
79.00
79.00
79.00
79.00
79.00
79.00
79.00
79.00
79.00
80.00
131.00
80.00
