89.00
89.00
89.00
89.00
88.00
88.00
88.00
88.00
88.00
88.00
88.00
88.00
88.00
88.00
88.00
88.00
88.00
88.00
88.00
88.00
87.00
87.00
87.00
87.00
87.00
87.00
87.00
87.00
87.00
87.00
87.00
87.00
87.00
87.00
87.00
84.00
84.00
84.00
87.00
84.00
84.00
84.00
84.00
84.00
137.00
134.00
134.00
134.00
137.00
137.00
137.00
137.00
137.00
137.00
137.00
137.00
137.00
84.00
84.00
84.00
137.00
137.00
137.00
84.00
84.00
84.00
84.00
84.00
84.00
84.00
87.00
84.00
84.00
84.00
84.00
84.00
84.00
84.00
84.00
84.00
84.00
137.00
80.00
80.00
84.00
84.00
80.00
80.00
84.00
84.00
84.00
84.00
84.00
84.00
84.00
84.00
84.00
84.00
131.00
131.00
131.00
134.00
137.00
131.00
137.00
137.00
137.00
137.00
137.00
131.00
131.00
137.00
137.00
137.00
137.00
80.00
80.00
86.00
86.00
80.00
80.00
80.00
80.00
75.00
70.00
70.00
75.00
75.00
75.00
77.00
77.00
77.00
75.00
75.00
75.00
75.00
75.00
75.00
75.00
77.00
77.00
79.00
75.00
75.00
75.00
75.00
70.00
77.00
77.00
77.00
77.00
77.00
80.00
80.00
79.00
77.00
77.00
77.00
77.00
77.00
77.00
80.00
80.00
137.00
137.00
137.00
137.00
137.00
77.00
77.00
77.00
77.00
137.00
79.00
77.00
77.00
77.00
75.00
77.00
77.00
77.00
77.00
77.00
77.00
80.00
80.00
79.00
77.00
77.00
80.00
80.00
79.00
79.00
137.00
137.00
137.00
137.00
137.00
137.00
137.00
79.00
78.00
79.00
137.00
137.00
80.00
79.00
79.00
79.00
79.00
80.00
80.00
79.00
79.00
84.00
80.00
80.00
79.00
79.00
79.00
79.00
79.00
79.00
79.00
79.00
79.00
79.00
79.00
79.00
75.00
75.00
75.00
75.00
75.00
75.00
75.00
75.00
75.00
75.00
75.00
75.00
75.00
75.00
75.00
76.00
76.00
75.00
79.00
79.00
79.00
