54.00
57.00
59.00
36.00
36.00
50.00
50.00
50.00
50.00
50.00
50.00
50.00
50.00
50.00
50.00
50.00
50.00
50.00
50.00
50.00
50.00
50.00
50.00
148.00
148.00
148.00
148.00
148.00
148.00
148.00
148.00
148.00
148.00
142.00
142.00
142.00
142.00
78.00
78.00
78.00
78.00
78.00
78.00
78.00
142.00
141.00
78.00
78.00
78.00
78.00
78.00
78.00
78.00
78.00
78.00
79.00
79.00
79.00
78.00
78.00
78.00
79.00
78.00
78.00
78.00
79.00
79.00
121.00
121.00
79.00
79.00
79.00
80.00
79.00
79.00
79.00
80.00
80.00
79.00
79.00
79.00
79.00
79.00
79.00
78.00
44.00
50.00
79.00
79.00
79.00
44.00
44.00
50.00
44.00
44.00
44.00
79.00
79.00
79.00
79.00
79.00
79.00
78.00
78.00
78.00
78.00
78.00
78.00
78.00
78.00
78.00
77.00
78.00
78.00
78.00
79.00
79.00
79.00
79.00
79.00
79.00
79.00
79.00
79.00
79.00
79.00
79.00
79.00
79.00
79.00
79.00
79.00
79.00
79.00
79.00
79.00
79.00
79.00
79.00
79.00
79.00
79.00
79.00
44.00
79.00
79.00
79.00
79.00
79.00
79.00
79.00
80.00
121.00
121.00
119.00
121.00
121.00
121.00
121.00
121.00
121.00
121.00
123.00
121.00
121.00
80.00
80.00
80.00
80.00
79.00
79.00
79.00
80.00
80.00
79.00
79.00
79.00
79.00
79.00
78.00
78.00
78.00
78.00
78.00
78.00
78.00
77.00
77.00
77.00
77.00
77.00
77.00
77.00
77.00
77.00
78.00
78.00
78.00
78.00
78.00
78.00
79.00
78.00
78.00
79.00
79.00
79.00
79.00
79.00
79.00
79.00
79.00
79.00
79.00
79.00
79.00
80.00
80.00
79.00
79.00
79.00
79.00
79.00
79.00
79.00
79.00
79.00
79.00
79.00
79.00
79.00
79.00
79.00
76.00
79.00
79.00
79.00
79.00
79.00
75.00
75.00
75.00
79.00
79.00
79.00
79.00
79.00
79.00
79.00
79.00
