64.00
137.00
137.00
137.00
137.00
137.00
137.00
137.00
80.00
80.00
80.00
80.00
80.00
80.00
80.00
79.00
79.00
80.00
80.00
78.00
77.00
77.00
77.00
77.00
78.00
77.00
77.00
77.00
77.00
77.00
77.00
77.00
77.00
78.00
79.00
79.00
79.00
79.00
79.00
79.00
79.00
79.00
79.00
79.00
80.00
80.00
79.00
79.00
79.00
79.00
80.00
79.00
79.00
79.00
79.00
79.00
79.00
79.00
79.00
79.00
79.00
79.00
79.00
79.00
79.00
79.00
80.00
79.00
79.00
79.00
79.00
79.00
79.00
79.00
79.00
79.00
79.00
80.00
80.00
80.00
79.00
79.00
80.00
80.00
80.00
80.00
80.00
80.00
80.00
79.00
79.00
79.00
79.00
80.00
80.00
80.00
79.00
79.00
80.00
80.00
79.00
79.00
79.00
79.00
79.00
79.00
79.00
79.00
80.00
80.00
80.00
79.00
79.00
79.00
79.00
79.00
79.00
79.00
79.00
80.00
80.00
80.00
79.00
79.00
80.00
80.00
80.00
79.00
79.00
80.00
79.00
79.00
79.00
79.00
79.00
79.00
79.00
79.00
79.00
79.00
79.00
79.00
79.00
79.00
79.00
79.00
79.00
79.00
79.00
79.00
80.00
80.00
80.00
80.00
79.00
79.00
80.00
80.00
79.00
79.00
79.00
79.00
79.00
79.00
79.00
79.00
79.00
79.00
79.00
79.00
79.00
79.00
79.00
79.00
79.00
79.00
79.00
79.00
80.00
79.00
79.00
79.00
79.00
79.00
79.00
79.00
79.00
79.00
79.00
80.00
80.00
79.00
79.00
79.00
80.00
80.00
79.00
79.00
80.00
80.00
80.00
80.00
79.00
80.00
80.00
80.00
80.00
80.00
80.00
80.00
80.00
80.00
80.00
80.00
80.00
80.00
80.00
80.00
80.00
80.00
80.00
80.00
80.00
80.00
80.00
80.00
80.00
80.00
80.00
80.00
80.00
80.00
80.00
80.00
79.00
80.00
80.00
80.00
79.00
79.00
79.00
79.00
80.00
80.00
79.00
79.00
79.00
80.00
80.00
80.00
