79.00
79.00
80.00
84.00
84.00
84.00
80.00
80.00
80.00
80.00
84.00
80.00
80.00
80.00
80.00
80.00
80.00
80.00
80.00
80.00
80.00
80.00
80.00
80.00
131.00
80.00
80.00
80.00
80.00
80.00
80.00
80.00
80.00
82.00
131.00
82.00
82.00
80.00
80.00
80.00
82.00
82.00
82.00
82.00
82.00
82.00
82.00
82.00
82.00
82.00
82.00
82.00
82.00
82.00
82.00
82.00
82.00
82.00
82.00
80.00
80.00
80.00
80.00
80.00
80.00
80.00
80.00
80.00
80.00
80.00
80.00
80.00
80.00
80.00
80.00
80.00
80.00
80.00
80.00
80.00
79.00
79.00
80.00
79.00
79.00
79.00
79.00
79.00
80.00
79.00
79.00
79.00
79.00
80.00
79.00
79.00
79.00
79.00
80.00
80.00
79.00
79.00
79.00
79.00
79.00
79.00
79.00
79.00
80.00
80.00
79.00
79.00
79.00
79.00
79.00
79.00
79.00
79.00
79.00
79.00
79.00
79.00
79.00
79.00
79.00
79.00
79.00
79.00
79.00
80.00
80.00
79.00
79.00
79.00
80.00
80.00
80.00
79.00
79.00
80.00
80.00
80.00
80.00
80.00
79.00
80.00
80.00
80.00
80.00
79.00
79.00
80.00
80.00
79.00
79.00
79.00
79.00
79.00
79.00
79.00
79.00
79.00
80.00
80.00
79.00
79.00
79.00
80.00
80.00
80.00
79.00
79.00
79.00
80.00
80.00
79.00
79.00
79.00
80.00
80.00
79.00
79.00
79.00
80.00
80.00
80.00
79.00
79.00
80.00
80.00
80.00
80.00
80.00
80.00
80.00
80.00
80.00
80.00
80.00
80.00
80.00
80.00
80.00
80.00
80.00
80.00
80.00
79.00
80.00
80.00
80.00
80.00
79.00
80.00
80.00
79.00
79.00
79.00
79.00
79.00
79.00
79.00
79.00
79.00
79.00
80.00
80.00
80.00
80.00
80.00
80.00
80.00
80.00
80.00
80.00
80.00
80.00
80.00
80.00
79.00
79.00
79.00
79.00
80.00
79.00
79.00
79.00
80.00
80.00
80.00
