50.00
50.00
89.00
88.00
44.00
50.00
50.00
50.00
50.00
50.00
50.00
50.00
50.00
79.00
50.00
50.00
50.00
79.00
79.00
50.00
44.00
79.00
79.00
79.00
79.00
79.00
50.00
50.00
50.00
79.00
44.00
50.00
50.00
50.00
50.00
50.00
50.00
50.00
50.00
50.00
50.00
50.00
50.00
50.00
148.00
148.00
148.00
148.00
148.00
148.00
148.00
148.00
148.00
148.00
148.00
148.00
148.00
148.00
78.00
78.00
78.00
78.00
78.00
78.00
79.00
79.00
79.00
79.00
79.00
79.00
79.00
79.00
79.00
79.00
79.00
79.00
79.00
79.00
79.00
79.00
79.00
79.00
79.00
79.00
44.00
44.00
44.00
79.00
79.00
44.00
44.00
44.00
44.00
44.00
44.00
44.00
44.00
44.00
44.00
44.00
44.00
79.00
79.00
79.00
84.00
79.00
84.00
84.00
84.00
84.00
84.00
84.00
79.00
79.00
84.00
84.00
84.00
84.00
84.00
84.00
84.00
84.00
84.00
84.00
84.00
79.00
79.00
79.00
79.00
79.00
80.00
80.00
84.00
79.00
79.00
79.00
79.00
79.00
79.00
79.00
79.00
79.00
79.00
79.00
79.00
79.00
79.00
79.00
34.00
79.00
79.00
79.00
79.00
34.00
34.00
34.00
79.00
79.00
34.00
79.00
44.00
79.00
79.00
79.00
79.00
79.00
79.00
79.00
79.00
79.00
79.00
79.00
84.00
84.00
80.00
79.00
79.00
80.00
80.00
80.00
79.00
79.00
84.00
137.00
131.00
84.00
84.00
84.00
137.00
137.00
79.00
84.00
84.00
84.00
137.00
84.00
84.00
84.00
84.00
79.00
79.00
79.00
84.00
84.00
84.00
79.00
79.00
79.00
79.00
79.00
79.00
79.00
44.00
44.00
79.00
79.00
79.00
44.00
44.00
44.00
79.00
79.00
79.00
50.00
50.00
50.00
79.00
79.00
79.00
145.00
145.00
145.00
79.00
145.00
145.00
79.00
79.00
79.00
79.00
78.00
78.00
79.00
79.00
79.00
79.00
79.00
79.00
79.00
79.00
34.00
