84.00
84.00
137.00
137.00
111.00
84.00
141.00
137.00
137.00
114.00
114.00
113.00
137.00
114.00
114.00
113.00
113.00
113.00
115.00
115.00
115.00
114.00
114.00
114.00
114.00
114.00
114.00
114.00
114.00
114.00
114.00
114.00
114.00
114.00
114.00
114.00
114.00
114.00
114.00
114.00
114.00
114.00
114.00
114.00
115.00
115.00
115.00
113.00
113.00
115.00
115.00
115.00
115.00
115.00
115.00
115.00
115.00
114.00
114.00
113.00
115.00
115.00
115.00
115.00
114.00
114.00
114.00
114.00
114.00
114.00
114.00
115.00
115.00
115.00
115.00
113.00
115.00
115.00
115.00
113.00
113.00
115.00
115.00
115.00
115.00
114.00
113.00
115.00
114.00
114.00
114.00
113.00
113.00
115.00
114.00
114.00
114.00
114.00
114.00
114.00
114.00
114.00
114.00
115.00
114.00
114.00
114.00
114.00
114.00
114.00
114.00
114.00
113.00
113.00
115.00
115.00
115.00
114.00
114.00
114.00
114.00
114.00
114.00
113.00
113.00
113.00
113.00
113.00
113.00
113.00
115.00
115.00
114.00
114.00
113.00
113.00
113.00
113.00
113.00
113.00
115.00
114.00
114.00
114.00
113.00
113.00
113.00
113.00
113.00
113.00
113.00
113.00
113.00
113.00
113.00
113.00
114.00
113.00
113.00
113.00
121.00
141.00
111.00
113.00
113.00
114.00
142.00
142.00
140.00
114.00
114.00
114.00
114.00
115.00
114.00
114.00
115.00
115.00
115.00
115.00
115.00
115.00
115.00
115.00
115.00
115.00
115.00
115.00
115.00
115.00
115.00
115.00
115.00
115.00
115.00
115.00
115.00
115.00
115.00
115.00
121.00
142.00
142.00
142.00
115.00
115.00
115.00
115.00
142.00
142.00
121.00
121.00
115.00
115.00
115.00
115.00
115.00
115.00
115.00
115.00
115.00
121.00
115.00
115.00
121.00
121.00
115.00
115.00
115.00
115.00
115.00
118.00
118.00
118.00
118.00
118.00
118.00
115.00
115.00
115.00
115.00
115.00
121.00
121.00
115.00
115.00
115.00
137.00
115.00
115.00
