51.00
142.00
136.00
89.00
89.00
89.00
89.00
89.00
89.00
89.00
89.00
140.00
136.00
134.00
134.00
140.00
140.00
140.00
140.00
140.00
140.00
140.00
140.00
137.00
134.00
140.00
140.00
140.00
137.00
137.00
80.00
80.00
80.00
80.00
137.00
137.00
84.00
84.00
137.00
137.00
137.00
137.00
84.00
137.00
137.00
137.00
134.00
84.00
137.00
137.00
137.00
82.00
84.00
84.00
84.00
84.00
84.00
82.00
82.00
137.00
137.00
137.00
82.00
84.00
140.00
137.00
137.00
84.00
137.00
137.00
137.00
137.00
80.00
82.00
140.00
140.00
137.00
137.00
137.00
82.00
84.00
137.00
82.00
82.00
84.00
84.00
137.00
137.00
137.00
84.00
82.00
84.00
137.00
82.00
82.00
84.00
137.00
137.00
137.00
134.00
84.00
80.00
80.00
137.00
131.00
82.00
82.00
137.00
137.00
134.00
131.00
84.00
84.00
84.00
131.00
131.00
134.00
134.00
134.00
134.00
131.00
134.00
84.00
84.00
137.00
80.00
84.00
87.00
84.00
137.00
134.00
84.00
84.00
84.00
140.00
137.00
84.00
84.00
84.00
140.00
140.00
84.00
86.00
84.00
142.00
142.00
84.00
86.00
86.00
84.00
84.00
84.00
84.00
84.00
84.00
84.00
84.00
84.00
84.00
84.00
145.00
145.00
84.00
84.00
145.00
145.00
145.00
145.00
145.00
76.00
77.00
78.00
80.00
137.00
137.00
119.00
119.00
137.00
137.00
137.00
137.00
137.00
137.00
132.00
132.00
137.00
137.00
137.00
137.00
137.00
137.00
137.00
137.00
137.00
137.00
137.00
137.00
140.00
140.00
140.00
140.00
145.00
142.00
142.00
142.00
142.00
142.00
142.00
142.00
142.00
145.00
145.00
145.00
145.00
145.00
142.00
142.00
145.00
145.00
145.00
145.00
145.00
145.00
145.00
145.00
145.00
142.00
142.00
79.00
79.00
142.00
142.00
79.00
78.00
78.00
78.00
78.00
79.00
79.00
78.00
78.00
79.00
79.00
79.00
79.00
79.00
79.00
142.00
79.00
79.00
