77.00
77.00
137.00
141.00
142.00
142.00
142.00
142.00
142.00
145.00
145.00
142.00
142.00
78.00
78.00
78.00
78.00
78.00
78.00
78.00
78.00
78.00
78.00
137.00
137.00
121.00
121.00
78.00
78.00
80.00
80.00
80.00
80.00
137.00
137.00
121.00
121.00
80.00
80.00
80.00
137.00
121.00
121.00
137.00
137.00
137.00
137.00
121.00
121.00
137.00
137.00
137.00
121.00
140.00
136.00
136.00
136.00
136.00
121.00
137.00
136.00
136.00
137.00
137.00
136.00
136.00
136.00
136.00
121.00
140.00
140.00
137.00
137.00
136.00
121.00
136.00
136.00
119.00
119.00
121.00
142.00
140.00
121.00
121.00
116.00
121.00
121.00
136.00
119.00
116.00
118.00
142.00
121.00
121.00
121.00
121.00
142.00
121.00
121.00
116.00
118.00
142.00
142.00
140.00
121.00
118.00
142.00
142.00
136.00
136.00
119.00
118.00
142.00
140.00
121.00
121.00
121.00
121.00
121.00
121.00
119.00
119.00
121.00
137.00
137.00
137.00
121.00
82.00
82.00
137.00
137.00
137.00
121.00
121.00
121.00
137.00
137.00
121.00
121.00
121.00
137.00
119.00
119.00
116.00
118.00
121.00
121.00
119.00
116.00
115.00
115.00
115.00
115.00
116.00
116.00
116.00
116.00
116.00
116.00
116.00
116.00
116.00
116.00
116.00
116.00
118.00
121.00
119.00
119.00
119.00
118.00
118.00
119.00
115.00
115.00
115.00
115.00
115.00
115.00
119.00
119.00
119.00
115.00
119.00
115.00
115.00
116.00
116.00
121.00
121.00
116.00
116.00
115.00
115.00
115.00
115.00
114.00
114.00
114.00
121.00
115.00
115.00
115.00
115.00
115.00
115.00
115.00
114.00
114.00
115.00
115.00
114.00
114.00
114.00
114.00
115.00
115.00
114.00
114.00
115.00
115.00
142.00
142.00
77.00
78.00
78.00
121.00
121.00
116.00
121.00
121.00
121.00
121.00
121.00
121.00
121.00
121.00
119.00
119.00
121.00
121.00
121.00
121.00
121.00
121.00
121.00
121.00
121.00
121.00
121.00
