87.00
137.00
134.00
134.00
87.00
134.00
134.00
134.00
134.00
89.00
88.00
134.00
134.00
134.00
134.00
89.00
88.00
134.00
134.00
89.00
89.00
89.00
89.00
136.00
136.00
140.00
140.00
140.00
140.00
140.00
140.00
140.00
140.00
137.00
137.00
137.00
140.00
137.00
137.00
137.00
137.00
77.00
77.00
137.00
137.00
137.00
137.00
137.00
137.00
137.00
137.00
137.00
137.00
137.00
137.00
137.00
137.00
137.00
137.00
137.00
137.00
137.00
137.00
137.00
139.00
139.00
137.00
137.00
137.00
140.00
140.00
137.00
137.00
140.00
140.00
140.00
140.00
137.00
140.00
140.00
140.00
140.00
140.00
140.00
140.00
140.00
140.00
137.00
137.00
137.00
140.00
137.00
137.00
137.00
140.00
142.00
142.00
142.00
137.00
140.00
142.00
142.00
142.00
142.00
142.00
142.00
142.00
142.00
137.00
137.00
140.00
142.00
142.00
142.00
142.00
142.00
142.00
142.00
142.00
140.00
137.00
140.00
140.00
142.00
140.00
140.00
140.00
140.00
140.00
140.00
140.00
140.00
142.00
142.00
142.00
140.00
140.00
140.00
142.00
142.00
142.00
141.00
142.00
142.00
142.00
142.00
142.00
142.00
145.00
142.00
142.00
142.00
142.00
84.00
142.00
142.00
142.00
142.00
84.00
82.00
82.00
137.00
137.00
134.00
134.00
134.00
134.00
134.00
134.00
134.00
134.00
134.00
134.00
134.00
134.00
137.00
137.00
137.00
137.00
121.00
121.00
146.00
146.00
136.00
121.00
146.00
146.00
142.00
142.00
146.00
142.00
142.00
142.00
142.00
142.00
142.00
142.00
142.00
142.00
143.00
143.00
143.00
143.00
143.00
142.00
142.00
142.00
142.00
142.00
142.00
142.00
142.00
142.00
142.00
142.00
142.00
142.00
142.00
142.00
142.00
142.00
142.00
142.00
142.00
142.00
142.00
142.00
142.00
142.00
142.00
142.00
142.00
142.00
142.00
142.00
142.00
142.00
142.00
142.00
142.00
142.00
142.00
142.00
142.00
142.00
142.00
142.00
142.00
137.00
137.00
