145.00
142.00
142.00
140.00
142.00
142.00
142.00
137.00
140.00
142.00
142.00
142.00
142.00
142.00
84.00
84.00
84.00
84.00
84.00
84.00
84.00
84.00
84.00
84.00
84.00
84.00
84.00
84.00
137.00
137.00
137.00
84.00
84.00
137.00
137.00
134.00
137.00
137.00
137.00
137.00
137.00
134.00
59.00
59.00
134.00
134.00
134.00
84.00
134.00
137.00
137.00
80.00
80.00
80.00
80.00
80.00
80.00
80.00
79.00
79.00
80.00
80.00
80.00
79.00
79.00
79.00
79.00
71.00
40.00
40.00
44.00
72.00
72.00
44.00
44.00
44.00
78.00
79.00
79.00
78.00
78.00
77.00
77.00
77.00
77.00
77.00
77.00
79.00
79.00
79.00
79.00
79.00
79.00
79.00
79.00
79.00
79.00
79.00
79.00
79.00
79.00
79.00
79.00
79.00
79.00
79.00
79.00
79.00
79.00
79.00
121.00
79.00
79.00
79.00
79.00
79.00
79.00
79.00
79.00
134.00
130.00
134.00
137.00
137.00
137.00
137.00
137.00
79.00
137.00
137.00
137.00
134.00
137.00
137.00
137.00
137.00
134.00
134.00
24.00
24.00
134.00
131.00
131.00
19.00
19.00
24.00
24.00
24.00
24.00
24.00
24.00
24.00
24.00
24.00
24.00
24.00
24.00
24.00
34.00
34.00
34.00
143.00
145.00
79.00
145.00
145.00
143.00
143.00
143.00
143.00
145.00
145.00
79.00
79.00
79.00
79.00
79.00
79.00
77.00
77.00
77.00
77.00
77.00
77.00
79.00
79.00
79.00
78.00
77.00
79.00
77.00
77.00
77.00
79.00
137.00
137.00
79.00
79.00
79.00
79.00
79.00
76.00
79.00
79.00
79.00
79.00
79.00
79.00
79.00
79.00
79.00
79.00
79.00
79.00
79.00
79.00
79.00
79.00
79.00
79.00
75.00
75.00
79.00
79.00
79.00
79.00
79.00
79.00
79.00
79.00
79.00
79.00
79.00
121.00
117.00
111.00
84.00
111.00
113.00
84.00
84.00
84.00
80.00
80.00
80.00
79.00
79.00
79.00
137.00
79.00
