142.00
142.00
140.00
89.00
89.00
89.00
89.00
89.00
89.00
89.00
142.00
142.00
142.00
142.00
89.00
142.00
89.00
89.00
89.00
40.00
44.00
44.00
44.00
91.00
40.00
40.00
40.00
44.00
68.00
68.00
68.00
42.00
50.00
64.00
70.00
71.00
71.00
64.00
64.00
70.00
72.00
72.00
76.00
77.00
77.00
77.00
76.00
72.00
72.00
72.00
75.00
75.00
76.00
76.00
72.00
72.00
76.00
79.00
78.00
77.00
77.00
72.00
72.00
75.00
75.00
77.00
72.00
72.00
72.00
70.00
70.00
70.00
72.00
77.00
79.00
79.00
77.00
79.00
79.00
79.00
79.00
79.00
79.00
79.00
79.00
79.00
79.00
79.00
79.00
79.00
79.00
79.00
79.00
79.00
34.00
40.00
40.00
79.00
34.00
34.00
40.00
40.00
40.00
34.00
35.00
40.00
40.00
40.00
40.00
35.00
40.00
40.00
79.00
79.00
79.00
79.00
76.00
76.00
75.00
79.00
121.00
79.00
75.00
75.00
79.00
79.00
79.00
145.00
145.00
145.00
145.00
145.00
145.00
145.00
79.00
79.00
79.00
79.00
79.00
79.00
79.00
79.00
79.00
79.00
79.00
79.00
79.00
79.00
79.00
79.00
79.00
79.00
80.00
79.00
79.00
79.00
79.00
79.00
79.00
79.00
79.00
79.00
80.00
80.00
79.00
79.00
79.00
79.00
79.00
79.00
79.00
79.00
79.00
79.00
79.00
79.00
143.00
143.00
79.00
79.00
79.00
145.00
145.00
79.00
79.00
79.00
44.00
79.00
79.00
78.00
78.00
44.00
79.00
79.00
79.00
79.00
79.00
79.00
79.00
79.00
79.00
79.00
79.00
79.00
79.00
79.00
79.00
79.00
79.00
79.00
79.00
79.00
79.00
79.00
79.00
79.00
79.00
79.00
79.00
79.00
64.00
79.00
79.00
79.00
78.00
79.00
79.00
79.00
79.00
79.00
79.00
79.00
79.00
79.00
79.00
79.00
79.00
79.00
79.00
79.00
79.00
79.00
80.00
80.00
79.00
79.00
79.00
79.00
80.00
79.00
