138.00
137.00
137.00
137.00
140.00
140.00
139.00
140.00
140.00
140.00
140.00
140.00
137.00
137.00
137.00
140.00
140.00
140.00
137.00
137.00
137.00
137.00
137.00
137.00
137.00
137.00
137.00
137.00
137.00
137.00
137.00
137.00
80.00
80.00
80.00
80.00
77.00
77.00
137.00
78.00
78.00
78.00
78.00
78.00
80.00
137.00
137.00
80.00
78.00
77.00
77.00
77.00
77.00
77.00
77.00
77.00
78.00
78.00
78.00
78.00
78.00
78.00
78.00
78.00
78.00
78.00
78.00
79.00
78.00
78.00
78.00
78.00
78.00
78.00
77.00
77.00
78.00
78.00
79.00
79.00
79.00
79.00
79.00
79.00
79.00
78.00
79.00
79.00
79.00
79.00
79.00
79.00
79.00
80.00
79.00
79.00
79.00
79.00
79.00
79.00
79.00
79.00
79.00
79.00
79.00
78.00
78.00
79.00
79.00
79.00
79.00
79.00
79.00
79.00
79.00
77.00
77.00
77.00
77.00
77.00
77.00
77.00
77.00
75.00
75.00
75.00
76.00
76.00
76.00
75.00
75.00
75.00
75.00
75.00
75.00
75.00
75.00
50.00
50.00
50.00
78.00
79.00
79.00
78.00
78.00
78.00
78.00
78.00
78.00
78.00
79.00
79.00
79.00
79.00
79.00
79.00
79.00
79.00
79.00
79.00
79.00
79.00
79.00
79.00
79.00
79.00
78.00
79.00
79.00
79.00
79.00
79.00
79.00
79.00
79.00
78.00
77.00
77.00
77.00
75.00
77.00
77.00
77.00
78.00
79.00
79.00
79.00
78.00
79.00
72.00
79.00
79.00
79.00
79.00
79.00
79.00
79.00
79.00
70.00
70.00
79.00
79.00
79.00
79.00
77.00
78.00
78.00
78.00
78.00
78.00
79.00
79.00
79.00
79.00
79.00
79.00
79.00
79.00
79.00
78.00
79.00
79.00
79.00
79.00
78.00
78.00
79.00
79.00
79.00
79.00
79.00
78.00
77.00
77.00
78.00
78.00
79.00
79.00
80.00
79.00
79.00
79.00
80.00
80.00
80.00
80.00
80.00
80.00
80.00
79.00
