80.00
80.00
80.00
80.00
82.00
80.00
80.00
80.00
80.00
80.00
79.00
80.00
80.00
80.00
80.00
80.00
80.00
80.00
80.00
80.00
80.00
80.00
80.00
80.00
80.00
80.00
80.00
80.00
80.00
79.00
80.00
79.00
79.00
80.00
80.00
79.00
80.00
80.00
79.00
80.00
80.00
80.00
80.00
80.00
80.00
80.00
80.00
80.00
80.00
80.00
80.00
80.00
80.00
79.00
80.00
80.00
80.00
80.00
79.00
79.00
79.00
80.00
80.00
80.00
80.00
80.00
80.00
80.00
80.00
80.00
80.00
80.00
80.00
80.00
80.00
80.00
80.00
80.00
80.00
80.00
80.00
80.00
80.00
80.00
79.00
80.00
80.00
80.00
80.00
80.00
80.00
79.00
80.00
80.00
80.00
80.00
80.00
80.00
80.00
80.00
80.00
80.00
80.00
80.00
80.00
79.00
79.00
79.00
80.00
79.00
79.00
79.00
79.00
79.00
79.00
80.00
80.00
80.00
80.00
80.00
80.00
80.00
80.00
80.00
80.00
80.00
79.00
79.00
80.00
80.00
79.00
79.00
79.00
79.00
79.00
80.00
80.00
79.00
79.00
79.00
80.00
80.00
80.00
79.00
79.00
79.00
80.00
79.00
79.00
79.00
80.00
80.00
80.00
80.00
79.00
79.00
80.00
80.00
79.00
79.00
80.00
80.00
80.00
79.00
79.00
24.00
79.00
79.00
80.00
80.00
80.00
80.00
80.00
126.00
84.00
80.00
80.00
80.00
80.00
80.00
80.00
80.00
80.00
80.00
80.00
80.00
80.00
80.00
80.00
80.00
80.00
80.00
80.00
80.00
80.00
80.00
80.00
80.00
80.00
80.00
80.00
80.00
80.00
80.00
80.00
80.00
80.00
80.00
80.00
80.00
80.00
80.00
80.00
80.00
80.00
80.00
80.00
80.00
80.00
80.00
80.00
80.00
80.00
121.00
121.00
123.00
123.00
126.00
125.00
125.00
121.00
121.00
121.00
121.00
121.00
121.00
118.00
121.00
121.00
79.00
79.00
80.00
80.00
80.00
79.00
79.00
79.00
79.00
80.00
80.00
