87.00
134.00
134.00
23.00
23.00
87.00
134.00
134.00
134.00
87.00
84.00
84.00
131.00
131.00
131.00
134.00
84.00
131.00
131.00
131.00
137.00
137.00
137.00
137.00
137.00
137.00
82.00
82.00
82.00
137.00
137.00
137.00
137.00
137.00
137.00
134.00
137.00
84.00
82.00
82.00
82.00
82.00
137.00
137.00
137.00
137.00
119.00
119.00
137.00
137.00
137.00
82.00
82.00
84.00
137.00
134.00
119.00
119.00
84.00
82.00
82.00
82.00
121.00
121.00
137.00
134.00
130.00
119.00
119.00
119.00
84.00
82.00
121.00
121.00
121.00
121.00
132.00
132.00
119.00
121.00
121.00
121.00
121.00
121.00
121.00
121.00
121.00
132.00
121.00
121.00
82.00
82.00
137.00
82.00
82.00
82.00
82.00
82.00
82.00
82.00
82.00
82.00
137.00
137.00
82.00
82.00
82.00
82.00
82.00
137.00
121.00
121.00
82.00
82.00
137.00
137.00
121.00
121.00
137.00
132.00
119.00
119.00
121.00
137.00
137.00
132.00
137.00
121.00
137.00
137.00
132.00
121.00
121.00
82.00
137.00
137.00
137.00
82.00
82.00
82.00
82.00
82.00
82.00
82.00
80.00
137.00
80.00
82.00
82.00
82.00
82.00
131.00
130.00
130.00
82.00
82.00
82.00
82.00
82.00
82.00
82.00
137.00
137.00
137.00
137.00
82.00
82.00
82.00
82.00
82.00
82.00
82.00
82.00
82.00
121.00
121.00
82.00
80.00
80.00
82.00
82.00
82.00
82.00
137.00
137.00
82.00
82.00
82.00
82.00
82.00
82.00
82.00
82.00
137.00
137.00
137.00
84.00
84.00
84.00
84.00
84.00
84.00
84.00
84.00
134.00
134.00
134.00
84.00
82.00
82.00
82.00
82.00
82.00
82.00
82.00
137.00
82.00
82.00
82.00
82.00
82.00
82.00
82.00
82.00
82.00
137.00
131.00
131.00
82.00
82.00
82.00
82.00
82.00
82.00
82.00
82.00
82.00
137.00
82.00
82.00
84.00
84.00
137.00
137.00
82.00
82.00
82.00
137.00
131.00
84.00
