77.00
142.00
141.00
141.00
142.00
142.00
142.00
140.00
140.00
142.00
142.00
142.00
140.00
140.00
140.00
140.00
140.00
140.00
142.00
142.00
142.00
142.00
142.00
137.00
137.00
137.00
137.00
137.00
80.00
137.00
137.00
137.00
137.00
137.00
127.00
125.00
121.00
84.00
80.00
80.00
80.00
80.00
84.00
84.00
80.00
80.00
80.00
80.00
79.00
79.00
79.00
80.00
80.00
79.00
79.00
80.00
80.00
80.00
79.00
79.00
80.00
80.00
80.00
79.00
79.00
80.00
80.00
79.00
84.00
79.00
79.00
84.00
84.00
84.00
84.00
84.00
84.00
84.00
84.00
84.00
84.00
79.00
79.00
79.00
79.00
79.00
79.00
79.00
80.00
79.00
79.00
79.00
79.00
79.00
79.00
79.00
79.00
79.00
79.00
79.00
79.00
79.00
79.00
79.00
79.00
79.00
79.00
79.00
79.00
79.00
79.00
79.00
79.00
79.00
79.00
79.00
79.00
79.00
79.00
79.00
80.00
80.00
80.00
79.00
80.00
80.00
79.00
79.00
80.00
80.00
80.00
79.00
79.00
79.00
79.00
79.00
79.00
79.00
79.00
79.00
79.00
79.00
79.00
79.00
79.00
79.00
79.00
79.00
79.00
79.00
79.00
79.00
79.00
79.00
79.00
79.00
79.00
79.00
79.00
44.00
44.00
79.00
35.00
35.00
35.00
79.00
79.00
80.00
121.00
121.00
119.00
117.00
121.00
119.00
119.00
119.00
113.00
121.00
121.00
121.00
33.00
84.00
84.00
34.00
34.00
34.00
34.00
34.00
79.00
79.00
34.00
34.00
34.00
79.00
84.00
34.00
79.00
79.00
79.00
79.00
80.00
79.00
79.00
80.00
131.00
131.00
131.00
131.00
80.00
131.00
131.00
80.00
80.00
137.00
137.00
137.00
80.00
80.00
80.00
80.00
80.00
80.00
80.00
79.00
79.00
80.00
80.00
80.00
79.00
79.00
79.00
79.00
79.00
79.00
79.00
79.00
80.00
80.00
80.00
79.00
79.00
79.00
80.00
80.00
80.00
79.00
80.00
80.00
80.00
80.00
