84.00
142.00
137.00
84.00
84.00
84.00
84.00
84.00
80.00
84.00
84.00
79.00
79.00
79.00
79.00
79.00
64.00
64.00
75.00
44.00
44.00
50.00
75.00
64.00
44.00
44.00
50.00
50.00
50.00
44.00
44.00
50.00
50.00
50.00
50.00
44.00
44.00
50.00
50.00
50.00
50.00
44.00
50.00
50.00
79.00
79.00
79.00
34.00
79.00
79.00
79.00
79.00
79.00
79.00
79.00
79.00
79.00
79.00
79.00
79.00
79.00
79.00
79.00
79.00
79.00
79.00
80.00
79.00
79.00
79.00
79.00
80.00
80.00
79.00
79.00
79.00
79.00
79.00
79.00
79.00
79.00
79.00
79.00
79.00
79.00
79.00
79.00
137.00
131.00
79.00
84.00
84.00
84.00
84.00
84.00
84.00
84.00
84.00
131.00
131.00
24.00
84.00
84.00
137.00
131.00
137.00
84.00
137.00
131.00
131.00
131.00
137.00
137.00
137.00
137.00
137.00
137.00
137.00
137.00
137.00
137.00
80.00
80.00
137.00
137.00
80.00
80.00
79.00
80.00
137.00
137.00
137.00
80.00
80.00
80.00
80.00
80.00
80.00
80.00
80.00
80.00
80.00
80.00
79.00
79.00
80.00
80.00
80.00
79.00
79.00
79.00
80.00
80.00
80.00
79.00
79.00
80.00
80.00
79.00
79.00
79.00
79.00
80.00
80.00
80.00
79.00
79.00
80.00
80.00
79.00
79.00
79.00
79.00
80.00
79.00
79.00
79.00
80.00
80.00
80.00
80.00
79.00
79.00
79.00
80.00
79.00
79.00
79.00
79.00
79.00
79.00
79.00
79.00
79.00
79.00
79.00
79.00
44.00
44.00
79.00
44.00
44.00
44.00
44.00
79.00
79.00
34.00
34.00
79.00
79.00
79.00
34.00
44.00
79.00
79.00
79.00
79.00
34.00
44.00
79.00
79.00
79.00
79.00
79.00
79.00
79.00
79.00
79.00
79.00
79.00
79.00
79.00
79.00
79.00
79.00
79.00
79.00
80.00
80.00
79.00
79.00
79.00
79.00
80.00
80.00
79.00
79.00
84.00
84.00
84.00
