89.00
89.00
89.00
89.00
89.00
89.00
89.00
89.00
89.00
89.00
89.00
89.00
89.00
142.00
142.00
142.00
142.00
142.00
142.00
145.00
78.00
78.00
78.00
79.00
79.00
79.00
77.00
77.00
79.00
79.00
79.00
79.00
79.00
79.00
79.00
79.00
79.00
79.00
79.00
79.00
79.00
79.00
79.00
79.00
79.00
79.00
79.00
79.00
79.00
79.00
79.00
79.00
79.00
79.00
79.00
79.00
80.00
80.00
79.00
79.00
79.00
80.00
79.00
79.00
80.00
137.00
137.00
137.00
79.00
79.00
79.00
79.00
79.00
79.00
79.00
79.00
80.00
80.00
79.00
79.00
79.00
79.00
79.00
79.00
79.00
79.00
79.00
79.00
79.00
79.00
79.00
79.00
79.00
79.00
79.00
79.00
79.00
79.00
34.00
34.00
34.00
34.00
34.00
34.00
34.00
79.00
84.00
84.00
84.00
84.00
84.00
84.00
79.00
79.00
79.00
79.00
77.00
79.00
79.00
79.00
80.00
80.00
79.00
79.00
79.00
80.00
79.00
79.00
79.00
79.00
80.00
80.00
79.00
79.00
79.00
80.00
79.00
77.00
79.00
79.00
79.00
80.00
79.00
77.00
77.00
77.00
77.00
80.00
79.00
79.00
79.00
80.00
80.00
80.00
79.00
79.00
80.00
80.00
80.00
79.00
79.00
80.00
80.00
80.00
80.00
79.00
79.00
80.00
80.00
77.00
77.00
77.00
77.00
77.00
77.00
76.00
76.00
75.00
77.00
77.00
77.00
77.00
77.00
79.00
79.00
79.00
79.00
79.00
79.00
79.00
79.00
79.00
79.00
79.00
79.00
80.00
79.00
79.00
79.00
79.00
79.00
79.00
79.00
79.00
79.00
79.00
79.00
79.00
79.00
79.00
79.00
79.00
79.00
79.00
79.00
79.00
80.00
80.00
79.00
79.00
79.00
80.00
80.00
79.00
80.00
80.00
123.00
80.00
79.00
79.00
79.00
80.00
80.00
79.00
79.00
79.00
79.00
79.00
79.00
79.00
79.00
79.00
79.00
80.00
80.00
79.00
79.00
79.00
80.00
79.00
