84.00
84.00
84.00
111.00
111.00
111.00
84.00
84.00
84.00
84.00
84.00
84.00
84.00
84.00
111.00
111.00
84.00
84.00
84.00
84.00
121.00
84.00
121.00
119.00
115.00
119.00
84.00
84.00
82.00
81.00
80.00
80.00
82.00
82.00
82.00
82.00
82.00
82.00
82.00
80.00
80.00
80.00
80.00
80.00
82.00
82.00
82.00
82.00
82.00
80.00
80.00
82.00
82.00
82.00
82.00
82.00
82.00
82.00
82.00
82.00
82.00
82.00
82.00
82.00
82.00
137.00
131.00
130.00
82.00
82.00
137.00
137.00
82.00
82.00
82.00
82.00
82.00
137.00
82.00
82.00
82.00
80.00
80.00
80.00
82.00
82.00
80.00
131.00
131.00
137.00
82.00
82.00
82.00
130.00
130.00
130.00
130.00
130.00
130.00
130.00
130.00
127.00
119.00
127.00
119.00
119.00
119.00
119.00
119.00
119.00
119.00
119.00
121.00
82.00
121.00
121.00
119.00
84.00
121.00
119.00
119.00
84.00
80.00
80.00
80.00
82.00
82.00
82.00
82.00
130.00
130.00
130.00
119.00
121.00
121.00
130.00
130.00
121.00
121.00
121.00
137.00
121.00
121.00
121.00
82.00
82.00
121.00
121.00
121.00
121.00
82.00
121.00
119.00
119.00
119.00
121.00
82.00
82.00
82.00
82.00
82.00
121.00
123.00
121.00
121.00
82.00
82.00
82.00
82.00
82.00
82.00
82.00
82.00
82.00
121.00
82.00
82.00
82.00
82.00
82.00
82.00
82.00
82.00
82.00
82.00
82.00
82.00
82.00
82.00
82.00
82.00
82.00
82.00
82.00
82.00
82.00
82.00
82.00
82.00
82.00
82.00
82.00
82.00
82.00
82.00
82.00
82.00
82.00
82.00
82.00
82.00
80.00
80.00
80.00
80.00
82.00
82.00
82.00
82.00
80.00
80.00
82.00
82.00
82.00
82.00
82.00
82.00
82.00
82.00
82.00
82.00
82.00
82.00
82.00
82.00
82.00
82.00
82.00
121.00
82.00
82.00
80.00
82.00
82.00
121.00
82.00
82.00
82.00
82.00
82.00
