51.00
55.00
89.00
89.00
25.00
59.00
59.00
59.00
59.00
59.00
59.00
59.00
136.00
136.00
59.00
59.00
59.00
63.00
63.00
63.00
63.00
140.00
64.00
136.00
134.00
131.00
131.00
134.00
131.00
131.00
131.00
84.00
134.00
131.00
131.00
134.00
134.00
84.00
134.00
134.00
80.00
84.00
84.00
80.00
80.00
80.00
80.00
80.00
64.00
64.00
64.00
64.00
64.00
64.00
64.00
64.00
64.00
64.00
64.00
64.00
64.00
64.00
64.00
64.00
64.00
64.00
64.00
64.00
64.00
64.00
64.00
64.00
64.00
63.00
63.00
63.00
63.00
64.00
64.00
64.00
63.00
63.00
64.00
64.00
64.00
64.00
64.00
64.00
64.00
64.00
64.00
64.00
64.00
64.00
77.00
77.00
77.00
64.00
64.00
70.00
70.00
77.00
79.00
80.00
80.00
80.00
77.00
77.00
77.00
126.00
76.00
77.00
77.00
77.00
77.00
77.00
77.00
77.00
77.00
77.00
77.00
75.00
75.00
75.00
73.00
73.00
73.00
75.00
75.00
70.00
70.00
77.00
75.00
75.00
70.00
70.00
70.00
72.00
77.00
77.00
80.00
80.00
80.00
79.00
77.00
70.00
80.00
80.00
79.00
79.00
79.00
79.00
79.00
77.00
77.00
77.00
77.00
73.00
77.00
75.00
77.00
77.00
77.00
75.00
75.00
75.00
64.00
64.00
64.00
75.00
75.00
64.00
64.00
64.00
64.00
64.00
64.00
68.00
70.00
70.00
70.00
70.00
70.00
64.00
68.00
64.00
64.00
64.00
64.00
70.00
77.00
77.00
64.00
64.00
64.00
64.00
78.00
78.00
77.00
77.00
73.00
75.00
75.00
77.00
77.00
64.00
72.00
72.00
64.00
64.00
70.00
72.00
72.00
75.00
77.00
77.00
77.00
77.00
78.00
77.00
77.00
77.00
77.00
77.00
77.00
77.00
77.00
70.00
70.00
70.00
70.00
70.00
72.00
75.00
75.00
70.00
70.00
72.00
72.00
72.00
72.00
64.00
70.00
70.00
72.00
72.00
64.00
64.00
64.00
64.00
