84.00
84.00
84.00
84.00
84.00
80.00
80.00
80.00
80.00
80.00
84.00
84.00
84.00
80.00
80.00
80.00
79.00
79.00
79.00
79.00
79.00
79.00
80.00
80.00
131.00
131.00
80.00
80.00
80.00
80.00
131.00
132.00
137.00
137.00
132.00
128.00
121.00
80.00
80.00
80.00
82.00
82.00
82.00
80.00
80.00
82.00
82.00
81.00
82.00
80.00
80.00
82.00
82.00
82.00
80.00
82.00
82.00
81.00
81.00
80.00
80.00
80.00
82.00
121.00
81.00
121.00
121.00
121.00
121.00
121.00
121.00
121.00
121.00
121.00
121.00
121.00
121.00
121.00
119.00
119.00
119.00
121.00
121.00
81.00
81.00
81.00
81.00
121.00
121.00
121.00
81.00
81.00
81.00
81.00
121.00
121.00
121.00
121.00
123.00
121.00
121.00
121.00
121.00
121.00
121.00
121.00
121.00
81.00
121.00
121.00
121.00
121.00
121.00
121.00
81.00
81.00
81.00
81.00
81.00
121.00
121.00
121.00
121.00
121.00
81.00
81.00
81.00
81.00
81.00
81.00
81.00
119.00
119.00
119.00
119.00
81.00
81.00
81.00
121.00
81.00
81.00
81.00
81.00
81.00
80.00
80.00
80.00
80.00
79.00
79.00
79.00
80.00
80.00
81.00
80.00
80.00
80.00
80.00
80.00
80.00
80.00
80.00
80.00
81.00
81.00
81.00
80.00
80.00
80.00
80.00
81.00
80.00
80.00
81.00
121.00
81.00
81.00
81.00
81.00
81.00
121.00
121.00
121.00
121.00
121.00
119.00
119.00
121.00
81.00
121.00
121.00
121.00
121.00
121.00
121.00
121.00
121.00
121.00
121.00
121.00
121.00
118.00
118.00
118.00
118.00
119.00
119.00
119.00
118.00
119.00
119.00
115.00
115.00
115.00
115.00
116.00
116.00
116.00
118.00
121.00
81.00
81.00
81.00
81.00
81.00
80.00
81.00
81.00
81.00
80.00
80.00
80.00
80.00
81.00
81.00
81.00
81.00
121.00
119.00
121.00
81.00
81.00
81.00
81.00
81.00
82.00
82.00
82.00
84.00
82.00
