142.00
142.00
137.00
140.00
140.00
140.00
140.00
140.00
140.00
140.00
142.00
142.00
140.00
140.00
140.00
142.00
142.00
143.00
143.00
143.00
77.00
143.00
143.00
142.00
79.00
79.00
76.00
77.00
77.00
64.00
68.00
68.00
75.00
77.00
64.00
64.00
63.00
63.00
63.00
63.00
64.00
63.00
50.00
50.00
64.00
77.00
77.00
77.00
77.00
77.00
77.00
77.00
77.00
77.00
77.00
77.00
77.00
79.00
76.00
76.00
75.00
75.00
76.00
77.00
77.00
78.00
79.00
79.00
79.00
79.00
79.00
79.00
79.00
79.00
79.00
79.00
79.00
79.00
79.00
79.00
78.00
78.00
79.00
75.00
76.00
76.00
76.00
72.00
70.00
70.00
70.00
70.00
64.00
72.00
72.00
50.00
50.00
50.00
70.00
71.00
44.00
44.00
79.00
79.00
79.00
40.00
44.00
44.00
88.00
88.00
40.00
113.00
113.00
113.00
113.00
113.00
113.00
113.00
113.00
113.00
113.00
113.00
113.00
113.00
113.00
115.00
115.00
115.00
113.00
113.00
115.00
115.00
113.00
113.00
113.00
113.00
121.00
121.00
113.00
113.00
134.00
134.00
115.00
115.00
113.00
121.00
137.00
121.00
121.00
84.00
137.00
137.00
134.00
137.00
137.00
137.00
137.00
137.00
84.00
84.00
84.00
84.00
84.00
84.00
84.00
84.00
142.00
137.00
80.00
80.00
80.00
80.00
80.00
137.00
82.00
80.00
80.00
80.00
80.00
80.00
80.00
80.00
80.00
80.00
82.00
82.00
80.00
80.00
80.00
80.00
80.00
80.00
80.00
80.00
137.00
137.00
82.00
137.00
137.00
137.00
137.00
82.00
137.00
137.00
137.00
137.00
137.00
82.00
80.00
137.00
137.00
137.00
80.00
80.00
80.00
137.00
137.00
137.00
137.00
137.00
137.00
137.00
80.00
80.00
80.00
137.00
137.00
137.00
137.00
137.00
137.00
137.00
137.00
137.00
137.00
137.00
137.00
137.00
80.00
80.00
137.00
137.00
137.00
137.00
80.00
137.00
137.00
137.00
137.00
137.00
