76.00
79.00
122.00
121.00
121.00
121.00
121.00
121.00
121.00
121.00
120.00
121.00
121.00
121.00
121.00
121.00
121.00
121.00
121.00
121.00
157.00
157.00
121.00
121.00
121.00
121.00
149.00
142.00
146.00
146.00
145.00
145.00
145.00
142.00
142.00
140.00
146.00
142.00
142.00
142.00
142.00
76.00
77.00
77.00
142.00
76.00
75.00
75.00
148.00
75.00
75.00
75.00
75.00
75.00
75.00
75.00
77.00
77.00
76.00
75.00
75.00
70.00
75.00
75.00
75.00
77.00
75.00
70.00
75.00
75.00
75.00
75.00
72.00
44.00
44.00
75.00
76.00
79.00
79.00
79.00
79.00
79.00
79.00
79.00
78.00
78.00
79.00
79.00
79.00
79.00
79.00
78.00
77.00
77.00
77.00
76.00
77.00
77.00
77.00
77.00
75.00
75.00
75.00
75.00
75.00
75.00
75.00
75.00
77.00
79.00
80.00
79.00
78.00
79.00
80.00
80.00
76.00
121.00
137.00
131.00
131.00
131.00
79.00
64.00
130.00
130.00
24.00
130.00
137.00
137.00
134.00
130.00
80.00
79.00
79.00
70.00
80.00
77.00
79.00
79.00
80.00
80.00
80.00
79.00
78.00
77.00
77.00
77.00
77.00
77.00
77.00
79.00
80.00
80.00
79.00
79.00
79.00
80.00
79.00
79.00
79.00
79.00
80.00
80.00
79.00
79.00
79.00
79.00
79.00
44.00
44.00
44.00
79.00
79.00
79.00
76.00
76.00
75.00
75.00
75.00
75.00
76.00
77.00
77.00
79.00
79.00
77.00
77.00
77.00
77.00
77.00
77.00
77.00
77.00
79.00
79.00
79.00
77.00
77.00
77.00
79.00
78.00
78.00
79.00
137.00
137.00
79.00
79.00
79.00
79.00
79.00
79.00
79.00
79.00
79.00
79.00
79.00
79.00
79.00
79.00
79.00
64.00
64.00
63.00
63.00
79.00
79.00
79.00
79.00
75.00
75.00
68.00
72.00
44.00
75.00
77.00
77.00
75.00
75.00
75.00
75.00
75.00
72.00
72.00
72.00
75.00
75.00
75.00
72.00
72.00
