145.00
142.00
84.00
86.00
86.00
84.00
87.00
87.00
88.00
88.00
84.00
84.00
84.00
84.00
87.00
88.00
84.00
142.00
84.00
84.00
84.00
84.00
84.00
84.00
137.00
19.00
89.00
140.00
140.00
84.00
140.00
142.00
142.00
142.00
84.00
84.00
86.00
84.00
84.00
84.00
84.00
84.00
84.00
84.00
84.00
84.00
82.00
84.00
84.00
141.00
80.00
80.00
84.00
84.00
80.00
80.00
82.00
82.00
84.00
142.00
142.00
137.00
80.00
80.00
141.00
141.00
137.00
137.00
140.00
140.00
137.00
137.00
137.00
140.00
140.00
140.00
140.00
80.00
80.00
80.00
80.00
142.00
80.00
80.00
80.00
80.00
80.00
80.00
137.00
80.00
80.00
80.00
80.00
80.00
80.00
80.00
141.00
137.00
137.00
137.00
141.00
141.00
141.00
137.00
80.00
80.00
141.00
141.00
137.00
137.00
137.00
145.00
145.00
84.00
80.00
80.00
84.00
84.00
84.00
84.00
84.00
84.00
84.00
80.00
80.00
80.00
80.00
80.00
80.00
80.00
80.00
80.00
80.00
79.00
80.00
80.00
80.00
75.00
79.00
79.00
137.00
137.00
137.00
80.00
80.00
80.00
80.00
80.00
80.00
79.00
80.00
80.00
80.00
80.00
80.00
80.00
80.00
80.00
80.00
79.00
79.00
80.00
80.00
80.00
80.00
79.00
137.00
137.00
80.00
79.00
79.00
79.00
137.00
79.00
79.00
79.00
79.00
79.00
79.00
79.00
79.00
79.00
79.00
80.00
80.00
80.00
79.00
79.00
79.00
80.00
80.00
80.00
80.00
80.00
80.00
131.00
80.00
80.00
80.00
80.00
80.00
79.00
79.00
80.00
80.00
80.00
80.00
79.00
79.00
79.00
80.00
79.00
79.00
79.00
79.00
79.00
79.00
79.00
79.00
79.00
79.00
79.00
77.00
77.00
78.00
79.00
80.00
80.00
79.00
79.00
79.00
79.00
79.00
79.00
79.00
79.00
79.00
80.00
80.00
79.00
79.00
80.00
80.00
80.00
79.00
79.00
79.00
79.00
79.00
79.00
