54.00
142.00
140.00
140.00
140.00
142.00
140.00
140.00
140.00
140.00
142.00
140.00
140.00
140.00
140.00
140.00
140.00
140.00
137.00
137.00
140.00
140.00
140.00
137.00
137.00
140.00
140.00
140.00
140.00
140.00
140.00
140.00
142.00
140.00
140.00
140.00
140.00
140.00
140.00
140.00
140.00
140.00
140.00
140.00
140.00
137.00
137.00
137.00
140.00
142.00
142.00
140.00
140.00
142.00
142.00
140.00
140.00
140.00
142.00
142.00
142.00
142.00
142.00
142.00
142.00
142.00
142.00
142.00
142.00
142.00
142.00
142.00
142.00
142.00
142.00
142.00
142.00
137.00
137.00
142.00
142.00
142.00
137.00
140.00
140.00
142.00
142.00
142.00
137.00
140.00
142.00
142.00
142.00
142.00
142.00
142.00
142.00
142.00
142.00
140.00
142.00
142.00
142.00
142.00
142.00
142.00
142.00
142.00
142.00
142.00
142.00
142.00
142.00
142.00
142.00
142.00
142.00
142.00
142.00
142.00
142.00
142.00
142.00
142.00
142.00
142.00
142.00
142.00
142.00
142.00
142.00
142.00
142.00
142.00
142.00
142.00
142.00
142.00
142.00
142.00
142.00
142.00
142.00
142.00
142.00
142.00
142.00
142.00
142.00
142.00
142.00
142.00
142.00
142.00
142.00
142.00
142.00
142.00
142.00
142.00
142.00
142.00
142.00
142.00
142.00
142.00
142.00
142.00
142.00
142.00
142.00
142.00
142.00
137.00
137.00
142.00
142.00
142.00
142.00
142.00
78.00
78.00
142.00
137.00
137.00
142.00
142.00
142.00
142.00
142.00
142.00
142.00
142.00
142.00
137.00
142.00
114.00
142.00
142.00
142.00
142.00
142.00
145.00
142.00
84.00
84.00
84.00
145.00
145.00
142.00
145.00
145.00
145.00
145.00
145.00
142.00
79.00
79.00
145.00
145.00
75.00
75.00
75.00
75.00
75.00
75.00
75.00
75.00
75.00
75.00
75.00
75.00
75.00
72.00
75.00
75.00
75.00
64.00
64.00
50.00
50.00
64.00
64.00
71.00
71.00
50.00
50.00
63.00
63.00
63.00
