88.00
88.00
88.00
88.00
88.00
84.00
84.00
84.00
84.00
84.00
84.00
84.00
84.00
84.00
84.00
84.00
84.00
84.00
84.00
84.00
84.00
84.00
84.00
84.00
84.00
84.00
84.00
84.00
84.00
84.00
84.00
84.00
84.00
84.00
84.00
84.00
79.00
79.00
79.00
79.00
79.00
79.00
79.00
79.00
79.00
79.00
79.00
79.00
79.00
79.00
79.00
79.00
79.00
79.00
79.00
79.00
79.00
79.00
79.00
79.00
79.00
79.00
79.00
79.00
79.00
79.00
79.00
79.00
79.00
79.00
79.00
79.00
79.00
79.00
79.00
79.00
79.00
79.00
79.00
79.00
79.00
79.00
79.00
78.00
78.00
79.00
79.00
79.00
79.00
79.00
79.00
79.00
79.00
79.00
79.00
79.00
79.00
79.00
79.00
79.00
79.00
79.00
79.00
79.00
79.00
79.00
79.00
79.00
84.00
84.00
84.00
79.00
79.00
79.00
80.00
80.00
79.00
79.00
79.00
84.00
84.00
84.00
84.00
79.00
79.00
79.00
79.00
79.00
79.00
79.00
79.00
80.00
79.00
79.00
79.00
79.00
79.00
79.00
79.00
44.00
79.00
79.00
44.00
44.00
50.00
50.00
44.00
44.00
44.00
44.00
50.00
79.00
79.00
79.00
50.00
79.00
79.00
72.00
71.00
50.00
50.00
79.00
79.00
79.00
79.00
79.00
79.00
79.00
79.00
79.00
79.00
145.00
79.00
79.00
79.00
50.00
50.00
50.00
50.00
50.00
50.00
50.00
50.00
145.00
79.00
79.00
145.00
145.00
145.00
79.00
79.00
79.00
79.00
79.00
79.00
79.00
50.00
50.00
50.00
50.00
50.00
50.00
50.00
50.00
50.00
50.00
44.00
44.00
50.00
148.00
148.00
148.00
50.00
50.00
148.00
79.00
79.00
79.00
79.00
79.00
79.00
79.00
79.00
78.00
78.00
79.00
79.00
79.00
79.00
79.00
79.00
79.00
78.00
78.00
78.00
78.00
78.00
79.00
79.00
50.00
50.00
50.00
79.00
79.00
79.00
44.00
50.00
79.00
79.00
79.00
