80.00
80.00
80.00
80.00
80.00
80.00
80.00
80.00
80.00
80.00
79.00
79.00
79.00
80.00
79.00
79.00
79.00
79.00
79.00
78.00
78.00
78.00
78.00
79.00
79.00
79.00
79.00
79.00
79.00
79.00
79.00
79.00
79.00
79.00
80.00
80.00
80.00
80.00
80.00
80.00
80.00
80.00
80.00
80.00
80.00
130.00
123.00
121.00
121.00
79.00
80.00
80.00
79.00
79.00
79.00
80.00
121.00
121.00
79.00
79.00
80.00
80.00
80.00
80.00
80.00
80.00
121.00
121.00
121.00
121.00
80.00
80.00
80.00
80.00
81.00
80.00
80.00
121.00
121.00
121.00
81.00
80.00
82.00
82.00
121.00
121.00
81.00
121.00
121.00
121.00
119.00
121.00
81.00
81.00
121.00
121.00
81.00
81.00
81.00
121.00
81.00
81.00
81.00
81.00
81.00
81.00
81.00
81.00
81.00
81.00
81.00
81.00
81.00
81.00
82.00
82.00
82.00
82.00
82.00
82.00
130.00
122.00
121.00
121.00
82.00
82.00
82.00
82.00
82.00
121.00
122.00
122.00
121.00
82.00
82.00
82.00
82.00
82.00
82.00
82.00
82.00
122.00
122.00
82.00
82.00
82.00
82.00
82.00
82.00
82.00
82.00
82.00
82.00
82.00
82.00
80.00
80.00
82.00
82.00
82.00
82.00
82.00
82.00
82.00
82.00
82.00
82.00
82.00
82.00
82.00
82.00
82.00
82.00
82.00
82.00
82.00
82.00
82.00
82.00
82.00
82.00
82.00
82.00
82.00
82.00
81.00
81.00
80.00
82.00
82.00
82.00
82.00
80.00
82.00
82.00
122.00
121.00
82.00
80.00
82.00
82.00
82.00
82.00
82.00
121.00
121.00
121.00
121.00
121.00
81.00
82.00
82.00
82.00
82.00
82.00
82.00
82.00
82.00
82.00
82.00
82.00
80.00
80.00
80.00
80.00
80.00
82.00
82.00
82.00
82.00
80.00
80.00
82.00
82.00
82.00
80.00
80.00
82.00
82.00
80.00
80.00
80.00
80.00
82.00
82.00
80.00
80.00
79.00
84.00
84.00
