84.00
84.00
84.00
84.00
84.00
84.00
84.00
84.00
82.00
82.00
82.00
82.00
82.00
82.00
137.00
121.00
82.00
82.00
82.00
82.00
82.00
82.00
137.00
137.00
121.00
121.00
82.00
82.00
82.00
82.00
82.00
82.00
82.00
82.00
82.00
121.00
121.00
82.00
82.00
82.00
82.00
82.00
82.00
82.00
82.00
137.00
121.00
121.00
121.00
121.00
82.00
82.00
82.00
121.00
121.00
137.00
121.00
119.00
121.00
82.00
137.00
82.00
82.00
82.00
82.00
82.00
137.00
121.00
121.00
82.00
82.00
82.00
82.00
82.00
82.00
82.00
82.00
121.00
119.00
119.00
121.00
121.00
121.00
121.00
121.00
121.00
121.00
121.00
119.00
119.00
119.00
121.00
121.00
121.00
119.00
119.00
121.00
137.00
136.00
121.00
121.00
121.00
137.00
137.00
137.00
121.00
137.00
137.00
137.00
137.00
137.00
137.00
137.00
137.00
137.00
137.00
137.00
137.00
137.00
137.00
136.00
137.00
141.00
141.00
137.00
137.00
82.00
82.00
82.00
82.00
137.00
119.00
119.00
119.00
121.00
121.00
82.00
82.00
82.00
82.00
137.00
119.00
119.00
121.00
121.00
82.00
82.00
82.00
121.00
121.00
121.00
137.00
119.00
119.00
82.00
82.00
82.00
82.00
82.00
82.00
82.00
82.00
82.00
82.00
82.00
82.00
80.00
82.00
82.00
121.00
121.00
82.00
137.00
130.00
119.00
119.00
121.00
121.00
137.00
132.00
121.00
121.00
132.00
132.00
132.00
121.00
121.00
121.00
137.00
137.00
121.00
121.00
121.00
132.00
132.00
119.00
119.00
121.00
121.00
121.00
137.00
121.00
121.00
121.00
137.00
137.00
119.00
121.00
121.00
121.00
121.00
121.00
82.00
82.00
121.00
130.00
123.00
119.00
121.00
121.00
121.00
82.00
82.00
82.00
82.00
121.00
130.00
121.00
121.00
82.00
82.00
82.00
82.00
82.00
82.00
121.00
121.00
123.00
121.00
121.00
82.00
121.00
137.00
121.00
82.00
82.00
82.00
82.00
82.00
82.00
