142.00
142.00
137.00
140.00
140.00
142.00
142.00
140.00
140.00
142.00
142.00
142.00
142.00
142.00
142.00
142.00
142.00
142.00
142.00
89.00
89.00
142.00
142.00
142.00
142.00
142.00
142.00
142.00
142.00
142.00
142.00
143.00
143.00
142.00
142.00
142.00
142.00
142.00
142.00
143.00
143.00
143.00
143.00
143.00
143.00
143.00
143.00
143.00
143.00
143.00
145.00
73.00
73.00
145.00
145.00
73.00
73.00
73.00
73.00
73.00
73.00
73.00
73.00
75.00
75.00
75.00
73.00
76.00
75.00
75.00
70.00
70.00
72.00
72.00
75.00
72.00
70.00
70.00
70.00
70.00
70.00
70.00
70.00
70.00
72.00
72.00
72.00
70.00
70.00
72.00
76.00
72.00
72.00
72.00
76.00
76.00
76.00
77.00
79.00
72.00
76.00
76.00
76.00
76.00
76.00
76.00
76.00
76.00
79.00
79.00
79.00
79.00
77.00
79.00
79.00
79.00
121.00
121.00
142.00
137.00
137.00
137.00
114.00
114.00
137.00
114.00
114.00
114.00
114.00
114.00
114.00
117.00
151.00
151.00
148.00
145.00
75.00
75.00
148.00
148.00
148.00
145.00
75.00
75.00
75.00
73.00
73.00
75.00
75.00
75.00
75.00
75.00
77.00
75.00
75.00
77.00
77.00
75.00
75.00
75.00
77.00
77.00
77.00
76.00
76.00
76.00
75.00
75.00
75.00
76.00
76.00
79.00
79.00
79.00
79.00
79.00
79.00
79.00
79.00
79.00
77.00
79.00
79.00
79.00
79.00
79.00
77.00
77.00
70.00
70.00
70.00
75.00
75.00
77.00
79.00
79.00
79.00
79.00
70.00
79.00
79.00
79.00
77.00
77.00
79.00
79.00
79.00
78.00
77.00
77.00
77.00
75.00
75.00
75.00
75.00
79.00
70.00
71.00
75.00
70.00
70.00
70.00
76.00
79.00
79.00
79.00
79.00
80.00
79.00
78.00
77.00
77.00
80.00
79.00
79.00
137.00
137.00
137.00
137.00
137.00
137.00
137.00
137.00
137.00
80.00
79.00
137.00
137.00
137.00
137.00
