50.00
50.00
50.00
50.00
50.00
50.00
50.00
50.00
50.00
50.00
50.00
50.00
50.00
50.00
50.00
50.00
50.00
50.00
73.00
50.00
50.00
50.00
50.00
50.00
50.00
50.00
50.00
50.00
75.00
75.00
76.00
77.00
77.00
78.00
78.00
79.00
79.00
79.00
79.00
79.00
79.00
79.00
79.00
79.00
79.00
79.00
79.00
79.00
79.00
79.00
77.00
77.00
76.00
77.00
77.00
77.00
77.00
76.00
75.00
75.00
75.00
75.00
75.00
75.00
75.00
75.00
75.00
76.00
75.00
75.00
75.00
75.00
75.00
75.00
75.00
75.00
75.00
79.00
76.00
75.00
75.00
75.00
75.00
76.00
76.00
76.00
77.00
79.00
79.00
79.00
78.00
78.00
78.00
78.00
78.00
77.00
77.00
78.00
78.00
78.00
78.00
78.00
77.00
77.00
77.00
77.00
77.00
77.00
77.00
77.00
77.00
77.00
77.00
77.00
77.00
78.00
78.00
78.00
78.00
79.00
79.00
79.00
79.00
79.00
79.00
79.00
79.00
78.00
78.00
79.00
79.00
79.00
79.00
79.00
79.00
78.00
78.00
76.00
76.00
79.00
79.00
79.00
79.00
79.00
79.00
79.00
75.00
76.00
78.00
78.00
79.00
79.00
79.00
78.00
78.00
78.00
78.00
78.00
78.00
78.00
78.00
78.00
79.00
78.00
78.00
78.00
78.00
78.00
77.00
76.00
77.00
77.00
77.00
77.00
76.00
76.00
76.00
75.00
77.00
77.00
76.00
77.00
77.00
77.00
79.00
79.00
79.00
78.00
79.00
79.00
79.00
79.00
79.00
79.00
79.00
79.00
79.00
79.00
79.00
79.00
79.00
79.00
79.00
79.00
79.00
79.00
79.00
79.00
79.00
79.00
77.00
77.00
76.00
77.00
78.00
79.00
79.00
79.00
78.00
78.00
78.00
78.00
78.00
79.00
79.00
79.00
79.00
79.00
78.00
78.00
78.00
79.00
79.00
78.00
78.00
78.00
78.00
79.00
79.00
78.00
78.00
78.00
76.00
76.00
76.00
78.00
78.00
79.00
79.00
79.00
