142.00
141.00
137.00
137.00
140.00
140.00
140.00
137.00
140.00
140.00
141.00
141.00
137.00
137.00
137.00
140.00
140.00
137.00
137.00
137.00
137.00
137.00
137.00
137.00
137.00
137.00
137.00
137.00
137.00
137.00
137.00
82.00
82.00
137.00
137.00
137.00
137.00
137.00
137.00
137.00
82.00
82.00
137.00
137.00
137.00
137.00
137.00
137.00
137.00
137.00
137.00
137.00
137.00
137.00
137.00
137.00
137.00
137.00
137.00
137.00
137.00
137.00
137.00
82.00
82.00
137.00
137.00
121.00
121.00
82.00
142.00
137.00
137.00
82.00
82.00
137.00
137.00
137.00
137.00
137.00
137.00
137.00
137.00
137.00
121.00
137.00
137.00
137.00
137.00
121.00
121.00
121.00
137.00
137.00
121.00
121.00
121.00
136.00
132.00
119.00
121.00
140.00
137.00
137.00
137.00
121.00
121.00
137.00
137.00
136.00
136.00
121.00
140.00
137.00
137.00
137.00
137.00
140.00
137.00
136.00
136.00
136.00
137.00
140.00
137.00
137.00
137.00
140.00
137.00
137.00
137.00
137.00
137.00
140.00
137.00
137.00
137.00
137.00
137.00
137.00
136.00
132.00
132.00
119.00
119.00
137.00
132.00
119.00
119.00
116.00
116.00
119.00
116.00
116.00
116.00
118.00
121.00
121.00
119.00
118.00
121.00
121.00
132.00
119.00
119.00
121.00
121.00
121.00
121.00
121.00
121.00
121.00
121.00
121.00
119.00
119.00
121.00
121.00
121.00
121.00
121.00
121.00
137.00
132.00
119.00
119.00
116.00
116.00
121.00
121.00
121.00
121.00
121.00
121.00
121.00
119.00
121.00
121.00
121.00
137.00
137.00
121.00
121.00
121.00
132.00
132.00
119.00
119.00
121.00
121.00
121.00
121.00
121.00
121.00
121.00
132.00
119.00
119.00
121.00
121.00
137.00
137.00
121.00
121.00
121.00
136.00
136.00
121.00
121.00
121.00
140.00
137.00
121.00
121.00
82.00
82.00
121.00
121.00
121.00
121.00
121.00
137.00
137.00
121.00
121.00
82.00
82.00
137.00
137.00
82.00
