145.00
142.00
142.00
142.00
142.00
142.00
142.00
142.00
142.00
142.00
77.00
78.00
142.00
141.00
138.00
138.00
141.00
141.00
137.00
137.00
137.00
139.00
139.00
139.00
139.00
139.00
137.00
137.00
137.00
137.00
137.00
137.00
137.00
137.00
137.00
137.00
137.00
137.00
137.00
137.00
137.00
80.00
82.00
137.00
137.00
137.00
137.00
137.00
137.00
137.00
137.00
137.00
137.00
142.00
137.00
137.00
137.00
137.00
137.00
137.00
137.00
137.00
77.00
77.00
142.00
137.00
137.00
77.00
75.00
75.00
75.00
75.00
75.00
75.00
75.00
75.00
77.00
78.00
78.00
78.00
77.00
77.00
77.00
77.00
75.00
75.00
77.00
77.00
77.00
77.00
77.00
77.00
77.00
77.00
77.00
77.00
77.00
78.00
78.00
78.00
78.00
77.00
77.00
78.00
79.00
78.00
77.00
78.00
79.00
79.00
79.00
79.00
78.00
79.00
79.00
79.00
79.00
79.00
79.00
79.00
79.00
79.00
79.00
79.00
79.00
79.00
79.00
50.00
50.00
79.00
79.00
79.00
79.00
79.00
78.00
79.00
79.00
79.00
79.00
79.00
79.00
137.00
137.00
80.00
80.00
80.00
80.00
131.00
80.00
137.00
137.00
131.00
131.00
137.00
137.00
137.00
137.00
80.00
80.00
80.00
80.00
137.00
137.00
80.00
79.00
137.00
142.00
142.00
142.00
145.00
145.00
142.00
142.00
142.00
142.00
145.00
145.00
142.00
142.00
142.00
145.00
145.00
142.00
142.00
141.00
142.00
142.00
142.00
142.00
142.00
145.00
145.00
142.00
142.00
137.00
79.00
79.00
142.00
142.00
142.00
79.00
79.00
78.00
142.00
78.00
79.00
79.00
78.00
143.00
143.00
145.00
78.00
78.00
78.00
78.00
79.00
137.00
137.00
78.00
78.00
78.00
79.00
79.00
78.00
78.00
79.00
137.00
80.00
79.00
78.00
78.00
79.00
79.00
78.00
78.00
79.00
79.00
79.00
79.00
79.00
79.00
79.00
79.00
79.00
79.00
79.00
79.00
79.00
79.00
79.00
