79.00
141.00
137.00
137.00
137.00
141.00
137.00
137.00
137.00
141.00
82.00
141.00
137.00
137.00
82.00
82.00
82.00
82.00
82.00
82.00
82.00
82.00
82.00
137.00
137.00
137.00
82.00
137.00
137.00
137.00
82.00
82.00
80.00
137.00
137.00
82.00
80.00
137.00
137.00
137.00
137.00
82.00
82.00
137.00
137.00
137.00
137.00
82.00
137.00
137.00
82.00
82.00
82.00
82.00
82.00
137.00
82.00
82.00
80.00
137.00
137.00
80.00
82.00
82.00
82.00
82.00
82.00
82.00
80.00
80.00
80.00
82.00
80.00
80.00
80.00
80.00
80.00
82.00
82.00
80.00
80.00
80.00
80.00
80.00
80.00
80.00
80.00
80.00
80.00
80.00
80.00
80.00
80.00
80.00
80.00
80.00
80.00
137.00
137.00
80.00
80.00
80.00
80.00
80.00
82.00
80.00
80.00
80.00
82.00
80.00
80.00
80.00
80.00
80.00
80.00
80.00
80.00
80.00
84.00
84.00
84.00
84.00
84.00
84.00
80.00
80.00
84.00
84.00
84.00
84.00
84.00
84.00
84.00
84.00
84.00
80.00
80.00
80.00
80.00
80.00
80.00
82.00
121.00
82.00
80.00
80.00
80.00
80.00
80.00
80.00
80.00
80.00
80.00
80.00
80.00
80.00
80.00
80.00
82.00
82.00
82.00
82.00
82.00
119.00
119.00
119.00
84.00
82.00
84.00
84.00
121.00
121.00
121.00
119.00
115.00
115.00
121.00
121.00
137.00
80.00
82.00
82.00
82.00
82.00
121.00
121.00
84.00
82.00
82.00
82.00
82.00
82.00
82.00
82.00
82.00
121.00
121.00
121.00
84.00
82.00
82.00
121.00
121.00
121.00
121.00
119.00
119.00
119.00
84.00
81.00
81.00
81.00
81.00
81.00
82.00
82.00
81.00
81.00
81.00
82.00
82.00
82.00
82.00
82.00
82.00
82.00
82.00
82.00
80.00
80.00
80.00
80.00
80.00
80.00
80.00
80.00
80.00
82.00
121.00
121.00
121.00
80.00
80.00
80.00
80.00
80.00
80.00
137.00
80.00
80.00
