142.00
142.00
89.00
89.00
89.00
89.00
89.00
89.00
89.00
91.00
91.00
89.00
89.00
89.00
91.00
91.00
89.00
88.00
88.00
88.00
88.00
84.00
84.00
84.00
122.00
122.00
84.00
82.00
82.00
82.00
82.00
82.00
82.00
82.00
122.00
122.00
122.00
84.00
140.00
137.00
137.00
137.00
142.00
139.00
139.00
137.00
137.00
137.00
137.00
137.00
137.00
137.00
137.00
137.00
137.00
137.00
123.00
122.00
122.00
137.00
82.00
82.00
121.00
121.00
82.00
82.00
82.00
82.00
82.00
82.00
142.00
82.00
82.00
82.00
82.00
82.00
82.00
137.00
121.00
121.00
142.00
137.00
137.00
137.00
137.00
137.00
137.00
137.00
137.00
137.00
141.00
137.00
137.00
137.00
141.00
142.00
142.00
142.00
137.00
142.00
142.00
84.00
84.00
84.00
84.00
142.00
142.00
142.00
142.00
141.00
142.00
146.00
142.00
142.00
141.00
137.00
142.00
84.00
141.00
137.00
137.00
137.00
84.00
84.00
137.00
137.00
82.00
84.00
137.00
137.00
137.00
137.00
137.00
84.00
82.00
82.00
82.00
82.00
84.00
84.00
84.00
137.00
121.00
84.00
84.00
82.00
82.00
82.00
84.00
84.00
84.00
137.00
84.00
84.00
82.00
80.00
80.00
80.00
80.00
82.00
82.00
137.00
137.00
137.00
82.00
137.00
137.00
137.00
137.00
137.00
137.00
137.00
137.00
132.00
132.00
137.00
137.00
137.00
137.00
137.00
137.00
137.00
137.00
132.00
123.00
122.00
140.00
140.00
137.00
140.00
142.00
142.00
137.00
137.00
137.00
137.00
137.00
137.00
137.00
137.00
137.00
80.00
80.00
80.00
137.00
137.00
82.00
80.00
80.00
80.00
80.00
80.00
82.00
82.00
137.00
137.00
137.00
82.00
82.00
80.00
137.00
137.00
137.00
121.00
82.00
137.00
137.00
137.00
82.00
82.00
82.00
137.00
137.00
82.00
82.00
82.00
137.00
137.00
82.00
82.00
137.00
137.00
137.00
137.00
137.00
137.00
137.00
137.00
137.00
137.00
