50.00
50.00
89.00
89.00
89.00
50.00
50.00
89.00
91.00
91.00
44.00
145.00
143.00
89.00
89.00
88.00
84.00
79.00
82.00
82.00
121.00
82.00
82.00
82.00
121.00
121.00
82.00
82.00
82.00
82.00
121.00
121.00
82.00
121.00
122.00
121.00
121.00
121.00
82.00
82.00
121.00
121.00
121.00
121.00
121.00
121.00
121.00
121.00
82.00
82.00
82.00
121.00
121.00
121.00
121.00
121.00
121.00
119.00
121.00
121.00
84.00
81.00
81.00
119.00
119.00
121.00
121.00
121.00
84.00
81.00
81.00
81.00
81.00
81.00
81.00
81.00
81.00
122.00
121.00
121.00
81.00
81.00
81.00
81.00
81.00
81.00
81.00
122.00
121.00
81.00
81.00
84.00
82.00
121.00
121.00
84.00
84.00
84.00
84.00
84.00
84.00
84.00
84.00
84.00
121.00
84.00
84.00
84.00
84.00
122.00
121.00
84.00
84.00
84.00
84.00
84.00
84.00
84.00
121.00
121.00
121.00
121.00
81.00
82.00
82.00
121.00
121.00
81.00
81.00
121.00
122.00
122.00
122.00
121.00
121.00
121.00
121.00
121.00
140.00
137.00
137.00
137.00
137.00
137.00
137.00
137.00
137.00
82.00
82.00
82.00
82.00
137.00
137.00
137.00
82.00
137.00
137.00
137.00
137.00
121.00
134.00
134.00
134.00
119.00
119.00
84.00
82.00
82.00
82.00
84.00
84.00
84.00
82.00
82.00
82.00
82.00
84.00
137.00
137.00
82.00
82.00
82.00
82.00
137.00
137.00
137.00
137.00
137.00
137.00
137.00
137.00
137.00
137.00
137.00
137.00
137.00
82.00
82.00
137.00
137.00
137.00
137.00
82.00
137.00
137.00
137.00
137.00
82.00
82.00
137.00
137.00
82.00
82.00
82.00
137.00
137.00
137.00
82.00
82.00
82.00
137.00
137.00
137.00
137.00
82.00
137.00
137.00
137.00
137.00
137.00
137.00
137.00
137.00
82.00
82.00
137.00
137.00
137.00
82.00
137.00
137.00
137.00
137.00
137.00
137.00
137.00
137.00
137.00
137.00
137.00
