50.00
88.00
88.00
88.00
88.00
89.00
89.00
88.00
88.00
84.00
84.00
84.00
84.00
84.00
84.00
84.00
84.00
84.00
84.00
84.00
84.00
84.00
84.00
84.00
84.00
84.00
84.00
84.00
84.00
80.00
84.00
84.00
84.00
84.00
84.00
84.00
84.00
84.00
79.00
79.00
79.00
79.00
79.00
79.00
79.00
79.00
79.00
79.00
79.00
79.00
80.00
80.00
80.00
80.00
80.00
80.00
131.00
80.00
80.00
80.00
80.00
80.00
80.00
80.00
80.00
80.00
80.00
80.00
80.00
80.00
80.00
80.00
80.00
80.00
79.00
79.00
80.00
80.00
80.00
80.00
79.00
80.00
80.00
80.00
79.00
79.00
79.00
80.00
80.00
79.00
79.00
79.00
79.00
80.00
79.00
79.00
79.00
80.00
80.00
80.00
80.00
79.00
79.00
80.00
80.00
80.00
80.00
80.00
80.00
80.00
80.00
80.00
80.00
80.00
80.00
80.00
79.00
80.00
80.00
80.00
80.00
79.00
79.00
79.00
79.00
80.00
80.00
80.00
80.00
80.00
80.00
80.00
80.00
80.00
80.00
80.00
80.00
80.00
80.00
80.00
80.00
79.00
79.00
79.00
79.00
79.00
79.00
79.00
79.00
79.00
79.00
79.00
80.00
80.00
79.00
79.00
79.00
80.00
79.00
79.00
79.00
79.00
80.00
80.00
79.00
79.00
79.00
80.00
80.00
79.00
79.00
79.00
80.00
80.00
80.00
79.00
79.00
79.00
84.00
84.00
84.00
84.00
84.00
84.00
84.00
84.00
84.00
84.00
80.00
80.00
79.00
79.00
84.00
84.00
80.00
80.00
79.00
79.00
79.00
79.00
79.00
79.00
79.00
79.00
79.00
80.00
79.00
79.00
79.00
79.00
79.00
79.00
79.00
79.00
84.00
80.00
84.00
79.00
79.00
79.00
79.00
79.00
79.00
79.00
79.00
79.00
79.00
79.00
79.00
79.00
79.00
79.00
79.00
79.00
79.00
79.00
87.00
87.00
84.00
79.00
55.00
79.00
79.00
79.00
79.00
79.00
79.00
84.00
84.00
87.00
