88.00
88.00
88.00
88.00
88.00
88.00
87.00
86.00
84.00
84.00
84.00
84.00
84.00
137.00
134.00
84.00
84.00
137.00
137.00
137.00
137.00
137.00
137.00
137.00
131.00
137.00
137.00
137.00
137.00
82.00
82.00
82.00
82.00
84.00
137.00
137.00
84.00
84.00
137.00
137.00
82.00
82.00
82.00
82.00
137.00
137.00
137.00
82.00
137.00
137.00
137.00
137.00
137.00
137.00
137.00
137.00
137.00
82.00
82.00
82.00
82.00
82.00
82.00
82.00
82.00
137.00
137.00
137.00
82.00
82.00
82.00
82.00
82.00
82.00
82.00
84.00
137.00
84.00
84.00
141.00
141.00
140.00
141.00
141.00
141.00
142.00
141.00
141.00
141.00
141.00
141.00
141.00
137.00
137.00
82.00
84.00
84.00
137.00
137.00
137.00
84.00
84.00
84.00
137.00
82.00
84.00
84.00
84.00
84.00
84.00
84.00
84.00
82.00
82.00
82.00
82.00
82.00
82.00
137.00
137.00
137.00
137.00
82.00
82.00
82.00
82.00
82.00
82.00
82.00
82.00
82.00
122.00
82.00
82.00
82.00
82.00
82.00
82.00
82.00
82.00
137.00
122.00
122.00
82.00
82.00
82.00
82.00
82.00
82.00
82.00
82.00
82.00
82.00
82.00
82.00
82.00
137.00
82.00
82.00
82.00
82.00
137.00
137.00
82.00
82.00
82.00
137.00
137.00
137.00
137.00
141.00
141.00
137.00
137.00
84.00
84.00
141.00
82.00
82.00
82.00
82.00
82.00
82.00
82.00
82.00
82.00
82.00
82.00
82.00
82.00
82.00
82.00
82.00
82.00
82.00
121.00
121.00
84.00
82.00
82.00
82.00
82.00
82.00
82.00
82.00
130.00
119.00
84.00
82.00
82.00
82.00
82.00
82.00
84.00
137.00
137.00
122.00
121.00
82.00
82.00
82.00
137.00
82.00
82.00
82.00
82.00
82.00
82.00
82.00
82.00
82.00
82.00
82.00
82.00
82.00
82.00
137.00
82.00
82.00
82.00
82.00
137.00
137.00
137.00
137.00
84.00
84.00
137.00
137.00
84.00
