57.00
143.00
136.00
134.00
89.00
89.00
89.00
134.00
89.00
89.00
89.00
89.00
134.00
134.00
134.00
89.00
87.00
89.00
89.00
89.00
89.00
87.00
87.00
84.00
84.00
84.00
84.00
84.00
84.00
84.00
84.00
84.00
84.00
84.00
87.00
87.00
84.00
84.00
87.00
137.00
84.00
84.00
84.00
142.00
137.00
137.00
84.00
84.00
137.00
80.00
80.00
80.00
84.00
84.00
84.00
84.00
84.00
84.00
84.00
84.00
80.00
80.00
82.00
84.00
84.00
84.00
84.00
84.00
84.00
84.00
84.00
80.00
80.00
79.00
79.00
79.00
80.00
80.00
80.00
79.00
79.00
79.00
79.00
79.00
79.00
79.00
79.00
80.00
80.00
79.00
79.00
79.00
80.00
80.00
79.00
79.00
79.00
79.00
79.00
79.00
79.00
79.00
79.00
79.00
79.00
79.00
44.00
44.00
79.00
84.00
79.00
79.00
79.00
79.00
79.00
79.00
44.00
44.00
79.00
79.00
79.00
79.00
79.00
79.00
79.00
79.00
79.00
79.00
79.00
79.00
79.00
79.00
79.00
79.00
79.00
79.00
79.00
79.00
79.00
79.00
79.00
80.00
79.00
79.00
79.00
75.00
75.00
75.00
77.00
77.00
77.00
79.00
80.00
79.00
79.00
79.00
79.00
79.00
79.00
79.00
79.00
79.00
80.00
80.00
79.00
79.00
79.00
80.00
80.00
79.00
79.00
79.00
80.00
80.00
79.00
79.00
79.00
79.00
79.00
79.00
79.00
79.00
79.00
79.00
80.00
79.00
79.00
79.00
79.00
79.00
79.00
79.00
79.00
79.00
80.00
80.00
79.00
79.00
79.00
80.00
79.00
79.00
79.00
79.00
79.00
80.00
80.00
79.00
79.00
79.00
80.00
80.00
79.00
79.00
137.00
137.00
80.00
79.00
79.00
80.00
80.00
80.00
80.00
79.00
79.00
80.00
80.00
80.00
79.00
79.00
79.00
80.00
80.00
79.00
79.00
79.00
80.00
80.00
80.00
79.00
79.00
79.00
80.00
80.00
80.00
79.00
79.00
79.00
79.00
79.00
