86.00
142.00
137.00
88.00
88.00
88.00
86.00
137.00
84.00
84.00
141.00
141.00
137.00
137.00
137.00
141.00
84.00
82.00
137.00
137.00
137.00
141.00
137.00
137.00
137.00
119.00
119.00
114.00
121.00
119.00
118.00
118.00
114.00
118.00
118.00
119.00
118.00
114.00
84.00
84.00
82.00
84.00
84.00
82.00
84.00
122.00
119.00
119.00
121.00
121.00
121.00
121.00
121.00
119.00
121.00
119.00
119.00
119.00
114.00
114.00
121.00
121.00
115.00
114.00
114.00
114.00
115.00
115.00
115.00
114.00
84.00
121.00
121.00
121.00
121.00
84.00
121.00
119.00
119.00
119.00
84.00
84.00
121.00
122.00
119.00
119.00
121.00
122.00
119.00
119.00
115.00
121.00
121.00
122.00
122.00
119.00
121.00
121.00
122.00
119.00
119.00
114.00
121.00
121.00
121.00
121.00
121.00
121.00
121.00
119.00
119.00
119.00
121.00
84.00
121.00
121.00
119.00
114.00
121.00
137.00
119.00
119.00
84.00
84.00
137.00
137.00
119.00
114.00
114.00
114.00
114.00
114.00
114.00
114.00
140.00
139.00
139.00
114.00
114.00
114.00
111.00
111.00
113.00
113.00
114.00
140.00
137.00
137.00
113.00
114.00
140.00
139.00
114.00
114.00
114.00
113.00
84.00
84.00
84.00
113.00
111.00
111.00
113.00
114.00
114.00
114.00
114.00
84.00
121.00
114.00
114.00
114.00
114.00
114.00
114.00
114.00
114.00
113.00
113.00
114.00
114.00
114.00
114.00
114.00
115.00
115.00
114.00
114.00
115.00
115.00
115.00
115.00
114.00
114.00
115.00
115.00
115.00
114.00
114.00
114.00
113.00
114.00
114.00
113.00
113.00
114.00
114.00
114.00
114.00
113.00
113.00
114.00
114.00
114.00
114.00
114.00
114.00
114.00
114.00
111.00
111.00
111.00
84.00
84.00
84.00
84.00
84.00
121.00
121.00
84.00
84.00
84.00
121.00
121.00
121.00
84.00
121.00
115.00
115.00
114.00
114.00
113.00
121.00
121.00
119.00
114.00
114.00
115.00
115.00
115.00
