145.00
142.00
141.00
140.00
142.00
142.00
141.00
137.00
137.00
140.00
141.00
137.00
137.00
137.00
137.00
137.00
137.00
137.00
137.00
137.00
137.00
137.00
137.00
137.00
134.00
134.00
137.00
141.00
84.00
84.00
84.00
141.00
137.00
137.00
137.00
137.00
141.00
84.00
82.00
82.00
137.00
84.00
84.00
137.00
137.00
137.00
137.00
119.00
84.00
82.00
84.00
121.00
119.00
114.00
114.00
119.00
119.00
114.00
114.00
114.00
113.00
114.00
114.00
114.00
114.00
114.00
114.00
114.00
114.00
114.00
114.00
113.00
113.00
113.00
113.00
113.00
84.00
113.00
113.00
111.00
142.00
141.00
141.00
84.00
84.00
84.00
84.00
84.00
84.00
113.00
114.00
84.00
84.00
84.00
114.00
114.00
114.00
113.00
114.00
114.00
114.00
113.00
84.00
84.00
84.00
121.00
114.00
114.00
115.00
115.00
115.00
115.00
114.00
121.00
121.00
121.00
121.00
121.00
121.00
122.00
122.00
122.00
82.00
82.00
121.00
121.00
82.00
82.00
82.00
137.00
137.00
122.00
121.00
82.00
82.00
82.00
82.00
82.00
82.00
82.00
137.00
137.00
119.00
121.00
82.00
82.00
82.00
121.00
121.00
119.00
119.00
119.00
119.00
119.00
119.00
121.00
82.00
121.00
119.00
119.00
119.00
119.00
119.00
119.00
119.00
121.00
121.00
121.00
121.00
121.00
121.00
121.00
121.00
121.00
119.00
121.00
82.00
82.00
121.00
122.00
119.00
121.00
137.00
134.00
119.00
119.00
119.00
140.00
137.00
122.00
119.00
119.00
114.00
115.00
121.00
121.00
121.00
140.00
140.00
140.00
140.00
140.00
140.00
140.00
137.00
137.00
137.00
82.00
82.00
137.00
137.00
82.00
82.00
82.00
82.00
137.00
82.00
82.00
82.00
137.00
137.00
82.00
82.00
82.00
82.00
137.00
137.00
82.00
82.00
82.00
137.00
137.00
137.00
82.00
82.00
82.00
137.00
137.00
137.00
114.00
142.00
141.00
137.00
137.00
142.00
114.00
140.00
137.00
114.00
114.00
