79.00
80.00
122.00
122.00
121.00
121.00
82.00
122.00
122.00
121.00
121.00
121.00
122.00
122.00
122.00
121.00
81.00
82.00
82.00
82.00
81.00
81.00
82.00
82.00
122.00
121.00
81.00
81.00
81.00
81.00
82.00
82.00
82.00
82.00
82.00
82.00
82.00
82.00
82.00
82.00
82.00
82.00
82.00
82.00
82.00
82.00
82.00
82.00
82.00
82.00
82.00
82.00
82.00
82.00
82.00
82.00
82.00
82.00
82.00
82.00
82.00
82.00
82.00
82.00
82.00
82.00
82.00
82.00
82.00
82.00
82.00
82.00
82.00
82.00
82.00
82.00
82.00
82.00
82.00
80.00
80.00
82.00
82.00
82.00
82.00
80.00
84.00
84.00
84.00
84.00
82.00
82.00
82.00
82.00
82.00
82.00
82.00
84.00
84.00
84.00
82.00
82.00
82.00
82.00
82.00
82.00
82.00
82.00
82.00
82.00
82.00
82.00
82.00
82.00
82.00
82.00
82.00
82.00
82.00
82.00
82.00
82.00
82.00
82.00
82.00
82.00
82.00
82.00
82.00
82.00
130.00
128.00
119.00
119.00
121.00
121.00
137.00
121.00
121.00
121.00
121.00
119.00
121.00
81.00
82.00
82.00
82.00
82.00
82.00
82.00
82.00
82.00
82.00
82.00
82.00
82.00
82.00
82.00
82.00
82.00
82.00
82.00
82.00
82.00
82.00
82.00
82.00
82.00
82.00
82.00
82.00
82.00
82.00
82.00
82.00
82.00
82.00
82.00
82.00
82.00
82.00
82.00
82.00
82.00
82.00
82.00
82.00
82.00
80.00
82.00
82.00
82.00
82.00
82.00
131.00
131.00
137.00
82.00
82.00
82.00
137.00
82.00
82.00
82.00
82.00
130.00
119.00
121.00
82.00
82.00
82.00
82.00
82.00
82.00
82.00
82.00
121.00
121.00
82.00
82.00
82.00
82.00
82.00
82.00
82.00
82.00
121.00
121.00
119.00
121.00
82.00
82.00
82.00
82.00
82.00
82.00
82.00
121.00
121.00
82.00
82.00
82.00
82.00
82.00
82.00
82.00
82.00
82.00
82.00
82.00
