89.00
89.00
89.00
89.00
89.00
89.00
89.00
88.00
88.00
88.00
88.00
88.00
88.00
122.00
122.00
122.00
122.00
122.00
122.00
122.00
122.00
122.00
122.00
122.00
122.00
122.00
122.00
122.00
122.00
122.00
122.00
122.00
122.00
122.00
122.00
122.00
122.00
122.00
122.00
122.00
121.00
121.00
121.00
121.00
122.00
122.00
122.00
122.00
140.00
122.00
122.00
121.00
121.00
121.00
122.00
122.00
122.00
122.00
140.00
137.00
137.00
137.00
122.00
122.00
137.00
137.00
137.00
122.00
122.00
82.00
137.00
137.00
122.00
122.00
121.00
140.00
137.00
122.00
122.00
121.00
121.00
140.00
137.00
121.00
121.00
140.00
140.00
136.00
122.00
122.00
140.00
140.00
137.00
140.00
121.00
140.00
140.00
136.00
136.00
122.00
140.00
140.00
140.00
137.00
122.00
121.00
142.00
142.00
121.00
122.00
121.00
142.00
142.00
121.00
121.00
121.00
121.00
121.00
121.00
121.00
121.00
121.00
142.00
89.00
122.00
122.00
121.00
142.00
142.00
84.00
122.00
122.00
89.00
84.00
84.00
84.00
84.00
84.00
84.00
84.00
84.00
122.00
122.00
84.00
84.00
84.00
84.00
82.00
84.00
84.00
82.00
82.00
82.00
82.00
84.00
84.00
82.00
82.00
82.00
84.00
84.00
84.00
84.00
84.00
84.00
84.00
82.00
82.00
82.00
82.00
82.00
82.00
82.00
137.00
84.00
82.00
82.00
82.00
82.00
82.00
82.00
82.00
82.00
137.00
84.00
84.00
82.00
82.00
82.00
82.00
82.00
82.00
82.00
82.00
137.00
137.00
84.00
84.00
137.00
137.00
82.00
82.00
82.00
82.00
137.00
137.00
82.00
82.00
80.00
137.00
82.00
82.00
82.00
82.00
82.00
82.00
82.00
84.00
82.00
80.00
80.00
80.00
80.00
80.00
82.00
80.00
82.00
82.00
82.00
84.00
137.00
137.00
82.00
82.00
82.00
82.00
82.00
82.00
82.00
82.00
137.00
137.00
137.00
137.00
80.00
84.00
84.00
84.00
137.00
84.00
