50.00
142.00
89.00
89.00
91.00
89.00
89.00
89.00
89.00
89.00
89.00
89.00
89.00
88.00
88.00
88.00
89.00
89.00
88.00
84.00
84.00
84.00
142.00
141.00
137.00
140.00
140.00
84.00
84.00
140.00
140.00
140.00
141.00
137.00
137.00
137.00
137.00
84.00
137.00
137.00
137.00
82.00
82.00
82.00
137.00
137.00
137.00
137.00
141.00
137.00
137.00
137.00
137.00
84.00
137.00
137.00
137.00
119.00
118.00
142.00
137.00
137.00
137.00
121.00
121.00
137.00
137.00
119.00
119.00
118.00
137.00
82.00
82.00
82.00
82.00
82.00
82.00
121.00
119.00
121.00
84.00
84.00
84.00
84.00
84.00
84.00
84.00
137.00
137.00
114.00
114.00
142.00
137.00
137.00
82.00
82.00
82.00
137.00
137.00
137.00
84.00
82.00
82.00
137.00
137.00
137.00
137.00
137.00
137.00
132.00
134.00
134.00
137.00
137.00
137.00
132.00
121.00
121.00
134.00
134.00
128.00
119.00
119.00
137.00
137.00
137.00
121.00
121.00
121.00
137.00
137.00
122.00
121.00
82.00
82.00
137.00
137.00
121.00
121.00
137.00
137.00
137.00
122.00
82.00
82.00
137.00
137.00
122.00
82.00
141.00
137.00
137.00
137.00
119.00
119.00
121.00
137.00
82.00
82.00
121.00
121.00
137.00
137.00
122.00
121.00
82.00
82.00
82.00
82.00
82.00
82.00
82.00
137.00
137.00
137.00
84.00
84.00
84.00
82.00
82.00
84.00
84.00
84.00
84.00
134.00
134.00
84.00
84.00
137.00
137.00
82.00
84.00
84.00
137.00
137.00
137.00
137.00
137.00
137.00
137.00
137.00
82.00
82.00
82.00
82.00
137.00
137.00
84.00
82.00
137.00
82.00
82.00
82.00
84.00
82.00
137.00
137.00
119.00
84.00
82.00
137.00
137.00
82.00
82.00
82.00
137.00
137.00
137.00
137.00
82.00
137.00
137.00
137.00
82.00
82.00
137.00
137.00
137.00
137.00
137.00
137.00
137.00
137.00
137.00
137.00
137.00
84.00
84.00
84.00
87.00
