84.00
84.00
84.00
84.00
84.00
84.00
84.00
82.00
82.00
82.00
82.00
82.00
82.00
137.00
137.00
84.00
82.00
82.00
82.00
82.00
82.00
82.00
82.00
137.00
137.00
121.00
82.00
82.00
82.00
82.00
82.00
82.00
82.00
82.00
82.00
121.00
121.00
82.00
82.00
82.00
82.00
82.00
82.00
82.00
82.00
82.00
82.00
82.00
82.00
82.00
82.00
82.00
82.00
82.00
82.00
82.00
82.00
82.00
82.00
82.00
82.00
82.00
82.00
82.00
82.00
82.00
82.00
82.00
82.00
82.00
82.00
82.00
82.00
82.00
82.00
82.00
82.00
137.00
121.00
121.00
121.00
82.00
82.00
82.00
82.00
82.00
82.00
121.00
121.00
119.00
121.00
82.00
82.00
82.00
82.00
82.00
82.00
121.00
121.00
121.00
82.00
82.00
82.00
82.00
82.00
82.00
82.00
82.00
137.00
137.00
122.00
121.00
82.00
82.00
82.00
82.00
82.00
82.00
82.00
82.00
82.00
82.00
80.00
137.00
137.00
82.00
82.00
82.00
84.00
84.00
84.00
84.00
84.00
84.00
84.00
84.00
84.00
84.00
84.00
84.00
84.00
84.00
84.00
84.00
84.00
84.00
84.00
84.00
84.00
84.00
84.00
84.00
84.00
84.00
84.00
82.00
80.00
80.00
82.00
82.00
82.00
82.00
82.00
84.00
82.00
82.00
80.00
80.00
82.00
82.00
82.00
82.00
82.00
82.00
82.00
82.00
82.00
80.00
82.00
82.00
82.00
82.00
82.00
82.00
82.00
82.00
82.00
82.00
82.00
82.00
82.00
82.00
82.00
82.00
82.00
82.00
82.00
80.00
82.00
82.00
82.00
82.00
84.00
84.00
84.00
84.00
84.00
84.00
84.00
82.00
82.00
82.00
82.00
82.00
82.00
82.00
82.00
82.00
82.00
82.00
82.00
82.00
82.00
82.00
82.00
82.00
82.00
82.00
82.00
82.00
82.00
82.00
82.00
82.00
82.00
82.00
82.00
82.00
82.00
82.00
82.00
80.00
82.00
82.00
82.00
82.00
84.00
137.00
84.00
82.00
