79.00
84.00
137.00
122.00
84.00
82.00
82.00
82.00
121.00
121.00
82.00
82.00
137.00
122.00
122.00
84.00
82.00
82.00
82.00
82.00
82.00
82.00
137.00
137.00
122.00
122.00
82.00
82.00
137.00
137.00
122.00
82.00
82.00
137.00
122.00
122.00
119.00
119.00
137.00
137.00
82.00
82.00
82.00
82.00
82.00
137.00
82.00
82.00
82.00
137.00
137.00
82.00
82.00
82.00
137.00
137.00
137.00
137.00
137.00
137.00
137.00
137.00
137.00
137.00
137.00
137.00
137.00
137.00
137.00
82.00
82.00
137.00
137.00
137.00
137.00
137.00
137.00
137.00
137.00
137.00
137.00
137.00
82.00
82.00
82.00
82.00
82.00
137.00
82.00
82.00
82.00
82.00
82.00
82.00
82.00
82.00
82.00
82.00
137.00
137.00
82.00
82.00
82.00
82.00
137.00
137.00
82.00
137.00
137.00
137.00
137.00
82.00
82.00
137.00
137.00
137.00
137.00
82.00
137.00
137.00
119.00
119.00
121.00
82.00
82.00
82.00
82.00
121.00
82.00
82.00
121.00
121.00
82.00
82.00
82.00
137.00
82.00
82.00
82.00
82.00
137.00
137.00
137.00
137.00
137.00
137.00
137.00
137.00
137.00
137.00
137.00
137.00
137.00
82.00
82.00
82.00
137.00
137.00
137.00
82.00
82.00
137.00
137.00
137.00
82.00
82.00
82.00
82.00
82.00
82.00
82.00
82.00
82.00
82.00
82.00
82.00
82.00
137.00
82.00
82.00
82.00
82.00
82.00
82.00
82.00
82.00
82.00
82.00
82.00
82.00
82.00
82.00
82.00
82.00
82.00
121.00
121.00
82.00
82.00
82.00
82.00
121.00
82.00
82.00
121.00
121.00
121.00
82.00
82.00
82.00
82.00
82.00
82.00
82.00
82.00
137.00
130.00
119.00
121.00
82.00
137.00
82.00
82.00
82.00
82.00
137.00
137.00
121.00
82.00
82.00
82.00
82.00
82.00
82.00
82.00
82.00
137.00
137.00
137.00
137.00
137.00
137.00
137.00
137.00
137.00
137.00
137.00
137.00
131.00
137.00
