89.00
88.00
87.00
86.00
86.00
84.00
84.00
84.00
84.00
84.00
84.00
84.00
84.00
84.00
84.00
84.00
84.00
82.00
82.00
82.00
82.00
82.00
82.00
84.00
84.00
84.00
82.00
82.00
82.00
82.00
82.00
84.00
84.00
84.00
131.00
131.00
84.00
84.00
82.00
137.00
137.00
82.00
82.00
82.00
137.00
131.00
137.00
82.00
82.00
82.00
137.00
82.00
82.00
82.00
137.00
137.00
137.00
137.00
82.00
82.00
82.00
82.00
82.00
82.00
82.00
82.00
137.00
137.00
82.00
82.00
82.00
82.00
82.00
82.00
84.00
84.00
82.00
82.00
82.00
82.00
82.00
82.00
82.00
82.00
84.00
84.00
84.00
134.00
131.00
137.00
84.00
137.00
137.00
137.00
82.00
84.00
137.00
137.00
137.00
137.00
137.00
137.00
137.00
137.00
137.00
84.00
84.00
84.00
137.00
137.00
137.00
84.00
84.00
84.00
84.00
84.00
84.00
84.00
84.00
84.00
134.00
84.00
84.00
84.00
84.00
82.00
82.00
82.00
82.00
84.00
137.00
137.00
84.00
82.00
82.00
82.00
82.00
82.00
82.00
82.00
137.00
137.00
84.00
84.00
82.00
82.00
82.00
82.00
82.00
82.00
82.00
82.00
84.00
84.00
84.00
84.00
82.00
82.00
82.00
82.00
84.00
84.00
84.00
84.00
84.00
84.00
84.00
84.00
84.00
84.00
84.00
84.00
84.00
84.00
84.00
84.00
84.00
84.00
82.00
82.00
84.00
84.00
84.00
84.00
84.00
84.00
84.00
84.00
82.00
82.00
82.00
82.00
82.00
82.00
82.00
82.00
82.00
82.00
82.00
82.00
82.00
84.00
84.00
84.00
84.00
84.00
84.00
84.00
84.00
84.00
84.00
84.00
84.00
84.00
84.00
84.00
84.00
84.00
84.00
84.00
84.00
84.00
84.00
84.00
84.00
84.00
84.00
84.00
84.00
84.00
82.00
82.00
82.00
84.00
84.00
84.00
84.00
84.00
84.00
82.00
82.00
82.00
80.00
82.00
82.00
84.00
84.00
84.00
84.00
84.00
