54.00
54.00
54.00
36.00
36.00
54.00
54.00
55.00
36.00
49.00
50.00
54.00
36.00
36.00
36.00
36.00
89.00
89.00
84.00
84.00
84.00
84.00
84.00
84.00
84.00
84.00
84.00
84.00
80.00
80.00
80.00
79.00
79.00
79.00
80.00
80.00
80.00
80.00
79.00
80.00
80.00
79.00
79.00
79.00
79.00
80.00
80.00
79.00
79.00
79.00
79.00
79.00
79.00
79.00
79.00
79.00
79.00
79.00
79.00
79.00
79.00
79.00
79.00
79.00
79.00
79.00
80.00
80.00
80.00
79.00
79.00
79.00
80.00
80.00
80.00
80.00
80.00
80.00
80.00
79.00
79.00
79.00
80.00
79.00
79.00
79.00
79.00
80.00
80.00
80.00
80.00
80.00
80.00
80.00
80.00
80.00
80.00
80.00
130.00
126.00
121.00
80.00
80.00
80.00
80.00
80.00
80.00
80.00
80.00
131.00
123.00
80.00
80.00
80.00
80.00
80.00
80.00
80.00
80.00
131.00
131.00
131.00
80.00
80.00
80.00
80.00
80.00
80.00
80.00
131.00
131.00
131.00
131.00
80.00
80.00
131.00
131.00
131.00
131.00
131.00
131.00
131.00
131.00
80.00
137.00
137.00
131.00
131.00
137.00
137.00
134.00
134.00
131.00
137.00
84.00
84.00
80.00
82.00
82.00
82.00
84.00
84.00
82.00
84.00
84.00
84.00
84.00
80.00
137.00
80.00
84.00
82.00
137.00
131.00
131.00
82.00
80.00
80.00
137.00
137.00
137.00
137.00
137.00
137.00
137.00
137.00
82.00
137.00
137.00
137.00
137.00
140.00
141.00
137.00
137.00
137.00
137.00
140.00
140.00
137.00
137.00
140.00
140.00
140.00
140.00
137.00
140.00
142.00
142.00
80.00
80.00
80.00
84.00
145.00
141.00
137.00
137.00
84.00
84.00
137.00
137.00
137.00
137.00
137.00
137.00
137.00
137.00
137.00
137.00
137.00
137.00
137.00
137.00
137.00
137.00
137.00
137.00
137.00
137.00
82.00
137.00
137.00
137.00
137.00
137.00
137.00
137.00
134.00
134.00
134.00
