54.00
89.00
89.00
89.00
89.00
89.00
89.00
89.00
89.00
89.00
89.00
140.00
137.00
134.00
134.00
84.00
140.00
137.00
137.00
82.00
82.00
84.00
137.00
137.00
82.00
82.00
80.00
80.00
137.00
131.00
131.00
80.00
137.00
137.00
131.00
131.00
80.00
80.00
137.00
137.00
137.00
80.00
137.00
137.00
137.00
137.00
80.00
80.00
137.00
137.00
80.00
80.00
80.00
80.00
80.00
80.00
80.00
80.00
80.00
80.00
137.00
80.00
80.00
80.00
80.00
137.00
137.00
137.00
137.00
84.00
82.00
82.00
82.00
82.00
84.00
84.00
137.00
137.00
84.00
84.00
84.00
80.00
82.00
82.00
82.00
82.00
82.00
137.00
137.00
137.00
82.00
82.00
137.00
82.00
80.00
80.00
80.00
82.00
82.00
82.00
82.00
82.00
80.00
80.00
80.00
82.00
82.00
82.00
82.00
82.00
121.00
82.00
82.00
80.00
82.00
82.00
82.00
82.00
82.00
82.00
137.00
82.00
82.00
80.00
82.00
82.00
82.00
82.00
82.00
82.00
130.00
130.00
84.00
82.00
80.00
80.00
82.00
82.00
82.00
82.00
131.00
131.00
131.00
82.00
82.00
82.00
137.00
137.00
82.00
82.00
137.00
131.00
131.00
82.00
82.00
82.00
82.00
131.00
137.00
137.00
82.00
82.00
130.00
130.00
119.00
84.00
82.00
82.00
82.00
121.00
84.00
84.00
84.00
119.00
119.00
118.00
84.00
82.00
82.00
84.00
121.00
84.00
84.00
130.00
119.00
119.00
119.00
82.00
82.00
82.00
82.00
82.00
82.00
84.00
130.00
121.00
82.00
82.00
80.00
82.00
82.00
82.00
82.00
82.00
137.00
137.00
82.00
82.00
82.00
82.00
82.00
82.00
82.00
82.00
82.00
137.00
130.00
119.00
119.00
82.00
82.00
82.00
82.00
82.00
82.00
82.00
121.00
121.00
121.00
82.00
82.00
82.00
121.00
121.00
121.00
121.00
121.00
119.00
119.00
121.00
142.00
141.00
137.00
137.00
121.00
84.00
84.00
84.00
84.00
84.00
