80.00
130.00
128.00
123.00
122.00
121.00
121.00
81.00
81.00
81.00
81.00
82.00
121.00
123.00
122.00
121.00
121.00
121.00
121.00
122.00
121.00
121.00
123.00
123.00
123.00
121.00
121.00
121.00
121.00
122.00
121.00
121.00
123.00
123.00
123.00
123.00
119.00
119.00
121.00
121.00
123.00
122.00
121.00
122.00
123.00
123.00
123.00
121.00
121.00
121.00
123.00
123.00
121.00
121.00
123.00
123.00
123.00
122.00
121.00
121.00
123.00
123.00
121.00
121.00
121.00
123.00
123.00
123.00
122.00
121.00
121.00
123.00
123.00
122.00
123.00
123.00
123.00
123.00
123.00
119.00
121.00
121.00
121.00
121.00
121.00
121.00
121.00
123.00
122.00
121.00
121.00
121.00
121.00
121.00
121.00
81.00
82.00
121.00
122.00
122.00
121.00
121.00
121.00
121.00
121.00
121.00
121.00
121.00
123.00
123.00
123.00
121.00
121.00
123.00
123.00
123.00
121.00
121.00
121.00
122.00
122.00
121.00
82.00
82.00
137.00
123.00
121.00
121.00
82.00
137.00
130.00
123.00
122.00
121.00
121.00
121.00
82.00
82.00
82.00
82.00
82.00
121.00
121.00
82.00
82.00
82.00
82.00
121.00
121.00
82.00
137.00
137.00
123.00
121.00
82.00
137.00
130.00
130.00
137.00
82.00
137.00
137.00
130.00
130.00
82.00
137.00
137.00
137.00
137.00
137.00
141.00
141.00
137.00
121.00
121.00
82.00
82.00
82.00
82.00
82.00
121.00
121.00
121.00
121.00
119.00
119.00
119.00
84.00
82.00
82.00
82.00
82.00
82.00
82.00
82.00
121.00
82.00
82.00
82.00
82.00
82.00
82.00
82.00
82.00
121.00
121.00
119.00
121.00
82.00
82.00
82.00
121.00
82.00
82.00
121.00
121.00
121.00
82.00
82.00
82.00
137.00
137.00
137.00
121.00
121.00
137.00
137.00
119.00
119.00
119.00
121.00
132.00
132.00
121.00
121.00
121.00
132.00
119.00
119.00
119.00
121.00
132.00
132.00
126.00
126.00
132.00
132.00
132.00
126.00
123.00
