88.00
140.00
137.00
88.00
88.00
88.00
86.00
84.00
84.00
84.00
84.00
84.00
84.00
137.00
84.00
84.00
82.00
82.00
137.00
137.00
141.00
141.00
137.00
137.00
137.00
137.00
137.00
137.00
137.00
137.00
82.00
82.00
82.00
137.00
137.00
137.00
82.00
82.00
137.00
137.00
82.00
82.00
80.00
137.00
137.00
82.00
82.00
82.00
82.00
80.00
80.00
82.00
82.00
82.00
82.00
82.00
137.00
82.00
82.00
82.00
82.00
82.00
82.00
82.00
82.00
137.00
137.00
131.00
137.00
137.00
137.00
137.00
137.00
82.00
137.00
137.00
131.00
131.00
137.00
137.00
82.00
137.00
137.00
137.00
137.00
82.00
82.00
137.00
137.00
82.00
82.00
82.00
82.00
82.00
82.00
82.00
82.00
82.00
137.00
82.00
82.00
82.00
82.00
82.00
82.00
82.00
82.00
82.00
137.00
137.00
137.00
82.00
82.00
82.00
82.00
82.00
82.00
82.00
82.00
137.00
82.00
82.00
82.00
82.00
82.00
82.00
82.00
82.00
82.00
82.00
137.00
121.00
121.00
82.00
82.00
82.00
82.00
82.00
82.00
82.00
137.00
137.00
119.00
119.00
121.00
82.00
137.00
121.00
121.00
82.00
121.00
130.00
130.00
122.00
82.00
82.00
137.00
137.00
121.00
121.00
137.00
137.00
132.00
122.00
121.00
121.00
121.00
137.00
137.00
121.00
140.00
140.00
137.00
137.00
121.00
121.00
142.00
137.00
137.00
137.00
82.00
82.00
137.00
137.00
121.00
121.00
121.00
82.00
82.00
82.00
82.00
82.00
82.00
82.00
82.00
121.00
82.00
82.00
82.00
82.00
82.00
82.00
82.00
82.00
82.00
82.00
121.00
121.00
82.00
82.00
82.00
82.00
82.00
82.00
82.00
82.00
121.00
121.00
82.00
82.00
82.00
82.00
82.00
82.00
82.00
82.00
82.00
121.00
121.00
82.00
82.00
82.00
121.00
121.00
121.00
121.00
121.00
121.00
119.00
119.00
121.00
82.00
121.00
121.00
121.00
82.00
82.00
82.00
122.00
82.00
