80.00
84.00
131.00
131.00
134.00
84.00
84.00
137.00
137.00
82.00
82.00
137.00
137.00
137.00
137.00
137.00
137.00
137.00
137.00
137.00
137.00
137.00
137.00
134.00
119.00
121.00
84.00
137.00
137.00
137.00
137.00
137.00
137.00
137.00
134.00
119.00
119.00
121.00
121.00
121.00
121.00
121.00
82.00
82.00
121.00
121.00
119.00
121.00
82.00
82.00
121.00
121.00
121.00
121.00
132.00
130.00
126.00
123.00
119.00
123.00
132.00
132.00
123.00
123.00
132.00
128.00
126.00
123.00
123.00
137.00
137.00
132.00
123.00
121.00
121.00
132.00
132.00
132.00
123.00
121.00
82.00
82.00
137.00
137.00
121.00
121.00
137.00
137.00
122.00
121.00
82.00
82.00
137.00
137.00
137.00
121.00
137.00
137.00
132.00
132.00
123.00
137.00
137.00
132.00
132.00
121.00
137.00
132.00
132.00
123.00
121.00
121.00
82.00
82.00
82.00
82.00
82.00
82.00
82.00
82.00
82.00
82.00
82.00
82.00
82.00
137.00
82.00
82.00
137.00
137.00
131.00
137.00
82.00
82.00
82.00
137.00
82.00
82.00
82.00
82.00
82.00
82.00
82.00
82.00
82.00
82.00
82.00
82.00
82.00
82.00
82.00
137.00
130.00
119.00
121.00
82.00
82.00
82.00
82.00
82.00
82.00
130.00
130.00
119.00
121.00
82.00
82.00
82.00
82.00
121.00
82.00
121.00
130.00
130.00
119.00
82.00
82.00
137.00
137.00
137.00
82.00
137.00
130.00
130.00
126.00
121.00
121.00
82.00
137.00
82.00
82.00
82.00
82.00
82.00
82.00
121.00
82.00
82.00
82.00
82.00
82.00
82.00
82.00
82.00
82.00
82.00
82.00
82.00
82.00
82.00
82.00
82.00
82.00
82.00
82.00
130.00
123.00
122.00
82.00
137.00
137.00
137.00
137.00
137.00
137.00
130.00
130.00
130.00
130.00
137.00
137.00
137.00
137.00
82.00
137.00
137.00
132.00
132.00
137.00
82.00
82.00
137.00
137.00
82.00
82.00
82.00
82.00
137.00
137.00
82.00
