84.00
84.00
84.00
84.00
84.00
84.00
84.00
84.00
84.00
82.00
82.00
82.00
82.00
82.00
82.00
82.00
82.00
82.00
82.00
82.00
82.00
80.00
80.00
80.00
82.00
80.00
80.00
80.00
80.00
80.00
80.00
80.00
80.00
80.00
80.00
80.00
80.00
80.00
80.00
80.00
80.00
80.00
80.00
80.00
80.00
82.00
82.00
80.00
80.00
80.00
80.00
80.00
80.00
82.00
82.00
82.00
82.00
82.00
80.00
80.00
80.00
80.00
82.00
82.00
82.00
82.00
82.00
82.00
82.00
82.00
82.00
82.00
82.00
82.00
82.00
82.00
82.00
82.00
82.00
80.00
80.00
80.00
82.00
80.00
80.00
79.00
79.00
80.00
80.00
79.00
79.00
79.00
80.00
79.00
79.00
79.00
79.00
80.00
80.00
80.00
80.00
80.00
80.00
80.00
80.00
80.00
80.00
80.00
80.00
80.00
80.00
80.00
80.00
80.00
80.00
80.00
80.00
80.00
82.00
82.00
122.00
121.00
82.00
80.00
82.00
82.00
82.00
82.00
82.00
121.00
122.00
81.00
81.00
82.00
80.00
82.00
82.00
82.00
82.00
82.00
82.00
82.00
81.00
81.00
82.00
82.00
82.00
82.00
82.00
82.00
82.00
82.00
82.00
82.00
82.00
80.00
82.00
82.00
82.00
82.00
82.00
82.00
82.00
82.00
81.00
81.00
82.00
82.00
82.00
82.00
82.00
82.00
82.00
82.00
121.00
81.00
81.00
82.00
82.00
82.00
82.00
82.00
82.00
82.00
82.00
82.00
82.00
80.00
80.00
82.00
80.00
80.00
80.00
82.00
82.00
82.00
82.00
82.00
80.00
82.00
82.00
82.00
82.00
82.00
82.00
82.00
82.00
82.00
82.00
82.00
82.00
82.00
82.00
82.00
82.00
82.00
82.00
82.00
82.00
80.00
82.00
82.00
82.00
82.00
82.00
82.00
82.00
82.00
80.00
80.00
80.00
82.00
82.00
80.00
82.00
82.00
82.00
82.00
82.00
82.00
80.00
80.00
80.00
82.00
82.00
82.00
82.00
82.00
82.00
82.00
