79.00
80.00
80.00
84.00
84.00
84.00
80.00
84.00
82.00
82.00
84.00
84.00
84.00
84.00
84.00
84.00
84.00
82.00
82.00
82.00
82.00
82.00
82.00
82.00
82.00
80.00
82.00
80.00
80.00
80.00
80.00
80.00
80.00
80.00
80.00
82.00
82.00
80.00
80.00
80.00
80.00
80.00
80.00
82.00
82.00
82.00
82.00
82.00
80.00
80.00
80.00
82.00
82.00
82.00
82.00
82.00
82.00
82.00
80.00
80.00
80.00
137.00
80.00
82.00
82.00
137.00
137.00
131.00
80.00
80.00
137.00
137.00
137.00
82.00
84.00
137.00
137.00
131.00
84.00
82.00
82.00
82.00
82.00
82.00
82.00
82.00
84.00
131.00
131.00
131.00
84.00
82.00
80.00
82.00
82.00
82.00
82.00
82.00
82.00
82.00
80.00
80.00
80.00
82.00
82.00
82.00
82.00
82.00
82.00
82.00
82.00
82.00
82.00
82.00
82.00
82.00
82.00
84.00
82.00
131.00
82.00
84.00
82.00
82.00
82.00
82.00
82.00
82.00
82.00
82.00
82.00
82.00
84.00
82.00
80.00
82.00
82.00
82.00
84.00
84.00
84.00
84.00
84.00
84.00
84.00
82.00
82.00
82.00
82.00
82.00
82.00
82.00
84.00
84.00
82.00
82.00
80.00
80.00
80.00
80.00
80.00
80.00
82.00
82.00
82.00
80.00
80.00
80.00
80.00
80.00
80.00
80.00
82.00
121.00
121.00
121.00
82.00
82.00
82.00
121.00
121.00
121.00
121.00
121.00
121.00
121.00
82.00
82.00
137.00
137.00
82.00
82.00
137.00
137.00
137.00
137.00
137.00
137.00
137.00
137.00
137.00
137.00
141.00
137.00
137.00
137.00
82.00
82.00
80.00
137.00
80.00
82.00
82.00
82.00
82.00
82.00
82.00
82.00
82.00
80.00
80.00
80.00
80.00
82.00
82.00
80.00
82.00
82.00
82.00
82.00
80.00
82.00
82.00
82.00
82.00
82.00
137.00
137.00
121.00
82.00
82.00
82.00
82.00
82.00
82.00
82.00
82.00
82.00
82.00
82.00
