54.00
54.00
54.00
89.00
89.00
50.00
54.00
89.00
89.00
91.00
50.00
142.00
142.00
136.00
136.00
136.00
88.00
137.00
137.00
137.00
140.00
137.00
137.00
137.00
137.00
137.00
137.00
137.00
137.00
137.00
82.00
82.00
82.00
137.00
137.00
137.00
137.00
84.00
137.00
137.00
137.00
80.00
82.00
82.00
137.00
137.00
137.00
137.00
137.00
137.00
137.00
137.00
137.00
137.00
137.00
137.00
137.00
137.00
137.00
137.00
137.00
137.00
137.00
137.00
137.00
137.00
137.00
137.00
137.00
137.00
137.00
137.00
137.00
137.00
140.00
137.00
137.00
137.00
137.00
140.00
141.00
137.00
137.00
137.00
142.00
142.00
141.00
137.00
137.00
140.00
142.00
141.00
137.00
137.00
142.00
142.00
142.00
141.00
137.00
137.00
142.00
142.00
142.00
137.00
141.00
141.00
141.00
141.00
137.00
137.00
137.00
137.00
137.00
137.00
137.00
137.00
121.00
121.00
137.00
137.00
119.00
119.00
121.00
142.00
137.00
121.00
121.00
142.00
142.00
137.00
137.00
121.00
121.00
82.00
82.00
82.00
82.00
82.00
82.00
82.00
137.00
137.00
121.00
121.00
137.00
137.00
137.00
137.00
121.00
137.00
137.00
132.00
119.00
119.00
121.00
82.00
82.00
82.00
121.00
82.00
121.00
121.00
119.00
121.00
121.00
82.00
82.00
82.00
121.00
121.00
142.00
142.00
137.00
137.00
121.00
118.00
118.00
121.00
137.00
121.00
121.00
121.00
121.00
132.00
119.00
119.00
121.00
121.00
121.00
121.00
121.00
121.00
121.00
121.00
119.00
119.00
119.00
118.00
137.00
121.00
121.00
121.00
121.00
84.00
121.00
119.00
119.00
121.00
82.00
82.00
82.00
121.00
82.00
82.00
82.00
137.00
121.00
121.00
82.00
82.00
82.00
82.00
82.00
82.00
82.00
137.00
137.00
119.00
119.00
121.00
137.00
137.00
122.00
121.00
119.00
118.00
119.00
119.00
119.00
118.00
121.00
140.00
121.00
121.00
118.00
118.00
118.00
121.00
136.00
142.00
