54.00
142.00
142.00
142.00
142.00
142.00
142.00
142.00
142.00
142.00
142.00
141.00
141.00
141.00
141.00
142.00
141.00
141.00
137.00
137.00
141.00
141.00
139.00
139.00
139.00
139.00
114.00
140.00
139.00
139.00
137.00
114.00
114.00
114.00
114.00
114.00
114.00
114.00
114.00
140.00
140.00
140.00
114.00
142.00
140.00
136.00
114.00
114.00
114.00
142.00
140.00
140.00
114.00
114.00
115.00
115.00
115.00
115.00
115.00
115.00
115.00
115.00
115.00
115.00
115.00
115.00
115.00
115.00
115.00
115.00
115.00
134.00
121.00
119.00
116.00
121.00
121.00
119.00
119.00
119.00
121.00
137.00
121.00
121.00
121.00
121.00
121.00
121.00
119.00
115.00
114.00
121.00
121.00
121.00
121.00
121.00
121.00
137.00
134.00
119.00
119.00
121.00
137.00
137.00
137.00
121.00
121.00
137.00
132.00
130.00
119.00
119.00
121.00
137.00
132.00
122.00
121.00
121.00
121.00
134.00
123.00
119.00
119.00
121.00
121.00
123.00
122.00
121.00
121.00
132.00
123.00
125.00
119.00
121.00
121.00
132.00
123.00
122.00
121.00
137.00
132.00
123.00
123.00
121.00
121.00
137.00
132.00
123.00
121.00
121.00
132.00
132.00
126.00
119.00
119.00
121.00
121.00
132.00
121.00
119.00
121.00
121.00
119.00
119.00
119.00
119.00
121.00
121.00
119.00
119.00
118.00
118.00
119.00
119.00
119.00
119.00
121.00
121.00
121.00
121.00
121.00
121.00
121.00
123.00
123.00
123.00
121.00
121.00
132.00
132.00
123.00
121.00
123.00
130.00
130.00
123.00
119.00
121.00
121.00
132.00
132.00
123.00
121.00
137.00
132.00
126.00
123.00
121.00
121.00
132.00
132.00
126.00
123.00
123.00
130.00
130.00
123.00
119.00
121.00
121.00
132.00
132.00
123.00
121.00
121.00
137.00
130.00
123.00
119.00
121.00
137.00
137.00
123.00
121.00
121.00
121.00
132.00
123.00
119.00
119.00
115.00
132.00
132.00
126.00
125.00
139.00
139.00
111.00
115.00
114.00
