55.00
89.00
89.00
89.00
89.00
89.00
89.00
89.00
88.00
88.00
88.00
88.00
88.00
88.00
88.00
84.00
84.00
84.00
84.00
84.00
134.00
134.00
84.00
131.00
130.00
130.00
132.00
132.00
131.00
131.00
122.00
137.00
137.00
137.00
131.00
131.00
137.00
137.00
137.00
137.00
134.00
137.00
137.00
137.00
137.00
134.00
134.00
140.00
137.00
137.00
137.00
137.00
137.00
137.00
137.00
137.00
137.00
140.00
84.00
137.00
137.00
137.00
82.00
82.00
82.00
137.00
137.00
137.00
82.00
82.00
137.00
137.00
137.00
84.00
137.00
137.00
137.00
134.00
134.00
84.00
137.00
137.00
137.00
137.00
84.00
84.00
134.00
134.00
134.00
84.00
84.00
84.00
137.00
84.00
84.00
84.00
84.00
84.00
134.00
134.00
87.00
87.00
87.00
134.00
134.00
87.00
87.00
134.00
134.00
134.00
134.00
134.00
134.00
134.00
134.00
134.00
137.00
137.00
137.00
137.00
134.00
137.00
137.00
137.00
137.00
137.00
137.00
137.00
137.00
137.00
137.00
137.00
137.00
82.00
137.00
137.00
137.00
137.00
137.00
137.00
137.00
134.00
131.00
131.00
137.00
134.00
134.00
137.00
137.00
137.00
134.00
131.00
131.00
137.00
137.00
137.00
131.00
137.00
137.00
137.00
137.00
137.00
137.00
137.00
137.00
137.00
137.00
137.00
137.00
137.00
137.00
137.00
137.00
137.00
137.00
82.00
137.00
137.00
137.00
137.00
82.00
137.00
137.00
137.00
137.00
84.00
137.00
137.00
137.00
137.00
137.00
140.00
140.00
137.00
137.00
137.00
137.00
137.00
137.00
137.00
82.00
82.00
82.00
82.00
137.00
137.00
137.00
84.00
82.00
82.00
82.00
82.00
82.00
84.00
137.00
137.00
137.00
137.00
82.00
137.00
137.00
137.00
82.00
82.00
137.00
137.00
137.00
137.00
137.00
137.00
137.00
137.00
137.00
82.00
82.00
137.00
137.00
137.00
82.00
82.00
137.00
137.00
137.00
137.00
137.00
137.00
137.00
137.00
137.00
137.00
