88.00
88.00
87.00
87.00
87.00
88.00
89.00
89.00
89.00
89.00
89.00
89.00
89.00
84.00
84.00
82.00
82.00
82.00
82.00
82.00
82.00
82.00
82.00
137.00
137.00
137.00
137.00
137.00
137.00
137.00
137.00
137.00
137.00
137.00
137.00
137.00
82.00
82.00
82.00
82.00
137.00
137.00
82.00
82.00
82.00
137.00
82.00
82.00
82.00
82.00
82.00
82.00
82.00
82.00
82.00
82.00
82.00
84.00
82.00
82.00
82.00
82.00
82.00
82.00
82.00
82.00
82.00
82.00
82.00
82.00
82.00
82.00
82.00
82.00
82.00
82.00
82.00
82.00
82.00
82.00
82.00
80.00
82.00
82.00
82.00
82.00
82.00
82.00
82.00
82.00
82.00
82.00
82.00
82.00
82.00
82.00
82.00
82.00
82.00
122.00
121.00
84.00
82.00
82.00
82.00
82.00
82.00
82.00
121.00
122.00
119.00
84.00
82.00
82.00
82.00
82.00
82.00
82.00
82.00
82.00
121.00
84.00
82.00
82.00
82.00
82.00
82.00
82.00
82.00
82.00
82.00
82.00
82.00
82.00
82.00
82.00
82.00
82.00
82.00
82.00
82.00
82.00
82.00
82.00
82.00
82.00
82.00
82.00
82.00
82.00
82.00
137.00
82.00
82.00
82.00
82.00
82.00
137.00
82.00
82.00
82.00
137.00
137.00
137.00
137.00
137.00
137.00
137.00
137.00
82.00
141.00
137.00
137.00
137.00
137.00
84.00
82.00
82.00
82.00
82.00
82.00
82.00
82.00
137.00
137.00
82.00
82.00
82.00
82.00
137.00
82.00
82.00
82.00
82.00
137.00
121.00
121.00
82.00
82.00
137.00
121.00
82.00
82.00
141.00
137.00
137.00
84.00
82.00
82.00
82.00
82.00
82.00
84.00
84.00
84.00
84.00
84.00
84.00
84.00
84.00
84.00
84.00
84.00
84.00
84.00
84.00
84.00
84.00
84.00
84.00
84.00
82.00
82.00
82.00
84.00
82.00
82.00
137.00
137.00
84.00
82.00
82.00
137.00
137.00
137.00
84.00
84.00
134.00
131.00
134.00
