86.00
86.00
88.00
122.00
122.00
88.00
88.00
88.00
122.00
122.00
122.00
122.00
122.00
122.00
122.00
84.00
84.00
84.00
122.00
122.00
84.00
84.00
84.00
84.00
84.00
84.00
84.00
84.00
82.00
137.00
82.00
82.00
137.00
137.00
137.00
122.00
122.00
84.00
82.00
82.00
82.00
122.00
84.00
84.00
137.00
122.00
119.00
121.00
84.00
82.00
82.00
82.00
84.00
82.00
82.00
137.00
134.00
84.00
82.00
137.00
137.00
137.00
137.00
84.00
141.00
137.00
137.00
137.00
84.00
137.00
137.00
137.00
137.00
84.00
141.00
137.00
137.00
137.00
137.00
84.00
84.00
82.00
82.00
82.00
84.00
84.00
84.00
137.00
134.00
122.00
84.00
84.00
82.00
82.00
84.00
84.00
84.00
84.00
137.00
122.00
84.00
84.00
82.00
137.00
122.00
84.00
84.00
84.00
137.00
137.00
122.00
84.00
84.00
82.00
82.00
82.00
82.00
84.00
137.00
137.00
137.00
137.00
84.00
84.00
84.00
122.00
119.00
114.00
114.00
114.00
114.00
114.00
114.00
114.00
114.00
84.00
84.00
84.00
84.00
84.00
84.00
84.00
84.00
82.00
82.00
82.00
82.00
82.00
82.00
82.00
82.00
82.00
82.00
82.00
82.00
82.00
137.00
82.00
82.00
82.00
82.00
137.00
137.00
137.00
82.00
82.00
137.00
137.00
137.00
137.00
137.00
137.00
137.00
137.00
137.00
82.00
82.00
82.00
82.00
82.00
82.00
82.00
82.00
137.00
137.00
119.00
119.00
121.00
137.00
137.00
121.00
121.00
137.00
137.00
137.00
137.00
82.00
82.00
82.00
137.00
137.00
82.00
82.00
137.00
137.00
137.00
137.00
137.00
114.00
137.00
137.00
137.00
121.00
84.00
82.00
82.00
137.00
84.00
82.00
82.00
82.00
137.00
137.00
137.00
137.00
137.00
131.00
130.00
137.00
137.00
137.00
137.00
137.00
137.00
84.00
137.00
134.00
134.00
134.00
111.00
84.00
137.00
137.00
137.00
137.00
134.00
134.00
131.00
131.00
131.00
