79.00
142.00
137.00
141.00
84.00
82.00
141.00
141.00
142.00
142.00
142.00
142.00
137.00
137.00
137.00
121.00
142.00
137.00
137.00
137.00
121.00
137.00
137.00
136.00
122.00
121.00
121.00
121.00
137.00
137.00
122.00
121.00
121.00
132.00
134.00
119.00
119.00
119.00
121.00
121.00
121.00
121.00
121.00
121.00
121.00
119.00
119.00
121.00
121.00
121.00
121.00
121.00
121.00
82.00
82.00
121.00
121.00
121.00
121.00
121.00
121.00
121.00
121.00
121.00
121.00
121.00
121.00
121.00
121.00
82.00
82.00
82.00
121.00
81.00
82.00
82.00
121.00
122.00
121.00
82.00
82.00
82.00
121.00
122.00
82.00
82.00
121.00
122.00
122.00
121.00
82.00
82.00
82.00
82.00
121.00
121.00
121.00
82.00
121.00
121.00
121.00
82.00
82.00
82.00
121.00
121.00
81.00
82.00
121.00
122.00
121.00
121.00
121.00
121.00
121.00
121.00
121.00
121.00
121.00
121.00
122.00
121.00
121.00
82.00
121.00
121.00
121.00
82.00
82.00
137.00
122.00
122.00
121.00
121.00
82.00
82.00
82.00
82.00
82.00
82.00
137.00
123.00
122.00
121.00
82.00
82.00
137.00
122.00
121.00
121.00
137.00
132.00
123.00
122.00
82.00
82.00
137.00
137.00
122.00
121.00
137.00
132.00
132.00
122.00
122.00
121.00
82.00
82.00
82.00
82.00
82.00
82.00
82.00
82.00
82.00
82.00
82.00
82.00
82.00
82.00
82.00
82.00
82.00
82.00
82.00
82.00
82.00
82.00
82.00
82.00
82.00
82.00
82.00
82.00
121.00
122.00
121.00
121.00
121.00
121.00
121.00
121.00
121.00
121.00
121.00
121.00
119.00
121.00
121.00
82.00
82.00
121.00
121.00
82.00
121.00
121.00
121.00
82.00
82.00
82.00
137.00
80.00
82.00
82.00
82.00
82.00
82.00
121.00
121.00
121.00
121.00
121.00
121.00
121.00
121.00
121.00
137.00
121.00
119.00
121.00
137.00
137.00
137.00
121.00
121.00
82.00
137.00
137.00
122.00
121.00
