84.00
84.00
84.00
84.00
84.00
84.00
84.00
84.00
84.00
84.00
84.00
84.00
84.00
84.00
84.00
84.00
84.00
84.00
84.00
82.00
84.00
84.00
82.00
82.00
84.00
84.00
82.00
82.00
82.00
82.00
82.00
82.00
82.00
82.00
82.00
84.00
84.00
82.00
82.00
82.00
137.00
82.00
82.00
137.00
131.00
130.00
82.00
82.00
82.00
82.00
82.00
82.00
82.00
82.00
82.00
82.00
82.00
82.00
82.00
82.00
82.00
82.00
82.00
82.00
82.00
82.00
82.00
82.00
82.00
80.00
80.00
82.00
82.00
82.00
82.00
84.00
84.00
84.00
84.00
84.00
82.00
80.00
137.00
131.00
137.00
82.00
137.00
131.00
131.00
82.00
82.00
82.00
82.00
82.00
82.00
82.00
82.00
82.00
131.00
82.00
82.00
82.00
80.00
82.00
82.00
82.00
82.00
82.00
131.00
131.00
131.00
130.00
137.00
137.00
130.00
132.00
121.00
119.00
119.00
128.00
119.00
119.00
82.00
82.00
82.00
82.00
82.00
82.00
82.00
82.00
82.00
130.00
82.00
82.00
82.00
82.00
82.00
82.00
82.00
82.00
82.00
130.00
119.00
119.00
121.00
82.00
121.00
121.00
121.00
121.00
119.00
119.00
119.00
119.00
121.00
82.00
82.00
121.00
121.00
121.00
121.00
121.00
122.00
122.00
121.00
82.00
137.00
130.00
130.00
82.00
82.00
137.00
130.00
130.00
122.00
121.00
82.00
137.00
82.00
82.00
82.00
82.00
82.00
82.00
82.00
82.00
82.00
82.00
82.00
82.00
82.00
82.00
82.00
82.00
122.00
121.00
121.00
82.00
82.00
82.00
82.00
82.00
82.00
82.00
122.00
122.00
119.00
119.00
121.00
82.00
82.00
121.00
121.00
121.00
121.00
121.00
121.00
121.00
82.00
82.00
82.00
82.00
82.00
82.00
82.00
82.00
130.00
122.00
121.00
82.00
82.00
82.00
82.00
82.00
82.00
82.00
137.00
137.00
122.00
82.00
82.00
82.00
137.00
82.00
82.00
82.00
82.00
137.00
130.00
82.00
